"Timestamp","User Count","Type","Name","Requests/s","Failures/s","50%","66%","75%","80%","90%","95%","98%","99%","99.9%","99.99%","99.999%","100%","Total Request Count","Total Failure Count","Total Median Response Time","Total Average Response Time","Total Min Response Time","Total Max Response Time","Total Average Content Size"
"1591454887","1","","Aggregated",0.00,0.00,"N/A","N/A","N/A","N/A","N/A","N/A","N/A","N/A","N/A","N/A","N/A","N/A",0,0,0,0,0,0,0
"1591454889","4","GET","GetHome",0.00,0.00,50,50,50,50,50,50,50,50,50,50,50,50,2,0,49,49,49,50,17157
"1591454889","4","GET","GetKnownIssues",0.00,0.00,59,59,59,59,59,59,59,59,59,59,59,59,3,0,59,51,12,84,15275
"1591454889","4","","Aggregated",0.00,0.00,50,50,59,59,59,59,59,59,59,59,59,59,5,0,50,50,12,84,16027
"1591454891","8","GET","GetHome",1.00,0.00,22,22,50,50,50,50,50,50,50,50,50,50,4,0,22,33,12,50,17157
"1591454891","8","GET","GetKnownIssues",1.00,0.00,49,50,51,53,59,59,59,59,59,59,59,59,11,0,49,36,10,84,15275
"1591454891","8","","Aggregated",2.00,0.00,22,50,50,51,53,59,59,59,59,59,59,59,15,0,49,35,10,84,15776
"1591454893","10","GET","GetHome",1.00,0.00,13,13,22,22,50,50,50,50,50,50,50,50,7,0,13,23,9,50,17157
"1591454893","10","GET","GetKnownIssues",2.50,0.00,11,14,50,51,54,54,59,59,59,59,59,59,22,0,11,27,9,84,15275
"1591454893","10","","Aggregated",3.50,0.00,12,14,50,50,54,54,59,59,59,59,59,59,29,0,12,26,9,84,15729
"1591454895","10","GET","GetHome",1.00,0.00,12,13,22,22,50,50,50,50,50,50,50,50,8,0,12,22,9,50,17157
"1591454895","10","GET","GetKnownIssues",3.20,0.00,11,12,14,49,53,54,59,59,59,59,59,59,33,0,11,22,9,84,15275
"1591454895","10","","Aggregated",4.20,0.00,11,12,14,49,53,54,59,59,59,59,59,59,41,0,11,22,9,84,15642
"1591454897","10","GET","GetHome",1.00,0.00,12,12,17,17,22,50,50,50,50,50,50,50,13,0,12,18,9,50,17157
"1591454897","10","GET","GetKnownIssues",4.12,0.00,11,12,12,14,51,54,59,59,59,59,59,59,42,0,11,19,9,84,15275
"1591454897","10","","Aggregated",5.12,0.00,11,12,13,16,50,54,54,59,59,59,59,59,55,0,11,19,9,84,15719
"1591454899","10","GET","GetHome",1.20,0.00,11,12,13,13,13,17,17,17,17,17,17,17,15,0,12,17,9,50,17157
"1591454899","10","GET","GetKnownIssues",4.10,0.00,11,11,12,12,16,53,54,54,54,54,54,54,54,0,11,17,9,84,15275
"1591454899","10","","Aggregated",5.30,0.00,11,12,12,12,16,53,54,54,54,54,54,54,69,0,11,17,9,84,15684
"1591454901","10","GET","GetHome",1.30,0.00,11,12,13,13,30,100,100,100,100,100,100,100,21,0,12,20,9,102,17157
"1591454901","10","GET","GetKnownIssues",4.80,0.00,11,11,12,12,12,14,16,16,16,16,16,16,61,0,11,17,9,84,15275
"1591454901","10","","Aggregated",6.10,0.00,11,11,12,12,13,16,30,100,100,100,100,100,82,0,11,18,9,102,15756
"1591454903","10","GET","GetHome",1.50,0.00,11,12,13,13,30,100,100,100,100,100,100,100,23,0,12,20,9,102,17157
"1591454903","10","GET","GetKnownIssues",5.10,0.00,11,12,12,12,13,16,21,21,21,21,21,21,71,0,11,16,9,84,15275
"1591454903","10","","Aggregated",6.60,0.00,11,12,12,12,14,17,30,100,100,100,100,100,94,0,11,17,9,102,15735
"1591454905","10","GET","GetHome",1.60,0.00,11,12,12,13,30,100,100,100,100,100,100,100,27,0,11,18,9,102,17157
"1591454905","10","GET","GetKnownIssues",5.00,0.00,11,12,12,12,13,14,21,21,21,21,21,21,83,0,11,15,9,84,15275
"1591454905","10","","Aggregated",6.60,0.00,11,12,12,12,13,16,30,100,100,100,100,100,110,0,11,16,9,102,15736
"1591454907","10","GET","GetHome",1.80,0.00,11,11,12,12,30,100,100,100,100,100,100,100,32,0,11,17,9,102,17157
"1591454907","10","GET","GetKnownIssues",4.80,0.00,11,12,12,12,13,14,21,21,21,21,21,21,92,0,11,15,9,84,15275
"1591454907","10","","Aggregated",6.60,0.00,11,11,12,12,13,16,30,100,100,100,100,100,124,0,11,15,9,102,15760
"1591454909","10","GET","GetHome",2.00,0.00,11,11,11,12,12,12,12,12,12,12,12,12,39,0,11,16,9,102,17157
"1591454909","10","GET","GetKnownIssues",4.80,0.00,11,12,12,12,13,14,21,21,21,21,21,21,98,0,11,15,9,84,15275
"1591454909","10","","Aggregated",6.80,0.00,11,11,12,12,13,13,16,21,21,21,21,21,137,0,11,15,9,102,15810
"1591454911","10","GET","GetHome",2.40,0.00,11,11,12,12,12,30,30,30,30,30,30,30,42,0,11,16,9,102,17157
"1591454911","10","GET","GetKnownIssues",4.60,0.00,11,11,12,12,13,13,21,21,21,21,21,21,107,0,11,14,9,84,15275
"1591454911","10","","Aggregated",7.00,0.00,11,11,12,12,13,13,21,30,30,30,30,30,149,0,11,15,9,102,15805
"1591454913","10","GET","GetHome",2.20,0.00,11,11,11,12,12,12,30,30,30,30,30,30,49,0,11,15,9,102,17157
"1591454913","10","GET","GetKnownIssues",4.30,0.00,11,11,12,12,12,13,13,13,13,13,13,13,114,0,11,14,9,84,15275
"1591454913","10","","Aggregated",6.50,0.00,11,11,11,12,12,13,13,30,30,30,30,30,163,0,11,14,9,102,15840
"1591454915","10","GET","GetHome",2.40,0.00,11,11,11,12,12,15,30,30,30,30,30,30,53,0,11,15,9,102,17157
"1591454915","10","GET","GetKnownIssues",4.20,0.00,11,11,12,12,13,13,19,19,19,19,19,19,124,0,11,14,9,84,15275
"1591454915","10","","Aggregated",6.60,0.00,11,11,12,12,12,13,19,30,30,30,30,30,177,0,11,14,9,102,15838
"1591454917","10","GET","GetHome",2.60,0.00,11,11,12,12,15,16,30,30,30,30,30,30,57,0,11,15,9,102,17157
"1591454917","10","GET","GetKnownIssues",4.00,0.00,11,11,12,12,13,19,24,24,24,24,24,24,133,0,11,14,9,84,15275
"1591454917","10","","Aggregated",6.60,0.00,11,11,12,12,13,17,24,30,30,30,30,30,190,0,11,14,9,102,15839
"1591454919","10","GET","GetHome",2.50,0.00,11,11,11,13,16,17,30,30,30,30,30,30,64,0,11,14,9,102,17157
"1591454919","10","GET","GetKnownIssues",4.10,0.00,11,11,12,12,13,19,24,24,24,24,24,24,139,0,11,14,9,84,15275
"1591454919","10","","Aggregated",6.60,0.00,11,11,11,12,13,17,19,24,24,24,24,24,203,0,11,14,9,102,15868
"1591454921","10","GET","GetHome",2.40,0.00,11,11,11,12,15,16,17,17,17,17,17,17,67,0,11,14,9,102,17157
"1591454921","10","GET","GetKnownIssues",4.30,0.00,11,11,12,12,12,17,24,24,24,24,24,24,150,0,11,13,9,84,15275
"1591454921","10","","Aggregated",6.70,0.00,11,11,12,12,13,17,19,24,24,24,24,24,217,0,11,14,9,102,15856
"1591454923","10","GET","GetHome",2.50,0.00,11,11,12,12,16,17,17,17,17,17,17,17,71,0,11,14,9,102,17157
"1591454923","10","GET","GetKnownIssues",4.40,0.00,11,11,11,12,12,17,24,24,24,24,24,24,160,0,11,13,9,84,15275
"1591454923","10","","Aggregated",6.90,0.00,11,11,11,12,13,17,19,24,24,24,24,24,231,0,11,13,9,102,15853
"1591454925","10","GET","GetHome",2.30,0.00,11,11,11,12,13,17,20,20,20,20,20,20,80,0,11,14,9,102,17157
"1591454925","10","GET","GetKnownIssues",4.70,0.00,11,11,11,11,12,17,24,24,24,24,24,24,165,0,11,13,9,84,15275
"1591454925","10","","Aggregated",7.00,0.00,11,11,11,11,13,17,20,24,24,24,24,24,245,0,11,13,9,102,15889
"1591454927","10","GET","GetHome",2.60,0.00,11,11,11,12,13,18,20,20,20,20,20,20,82,0,11,14,9,102,17157
"1591454927","10","GET","GetKnownIssues",4.30,0.00,11,11,11,12,12,13,14,14,14,14,14,14,176,0,11,13,9,84,15275
"1591454927","10","","Aggregated",6.90,0.00,11,11,11,12,13,14,18,20,20,20,20,20,258,0,11,13,9,102,15873
"1591454929","10","GET","GetHome",2.50,0.00,11,11,12,12,13,18,20,20,20,20,20,20,86,0,11,13,9,102,17157
"1591454929","10","GET","GetKnownIssues",4.30,0.00,11,11,12,12,13,14,15,15,15,15,15,15,186,0,11,13,9,84,15275
"1591454929","10","","Aggregated",6.80,0.00,11,11,12,12,13,14,18,20,20,20,20,20,272,0,11,13,9,102,15870
"1591454931","10","GET","GetHome",2.30,0.00,11,11,11,12,13,18,20,20,20,20,20,20,91,0,11,13,9,102,17157
"1591454931","10","GET","GetKnownIssues",4.50,0.00,11,11,12,12,13,14,15,15,15,15,15,15,192,0,11,13,9,84,15275
"1591454931","10","","Aggregated",6.80,0.00,11,11,12,12,13,14,18,20,20,20,20,20,283,0,11,13,9,102,15880
"1591454933","10","GET","GetHome",2.30,0.00,11,12,13,13,18,20,20,20,20,20,20,20,94,0,11,13,9,102,17157
"1591454933","10","GET","GetKnownIssues",4.30,0.00,11,11,12,12,13,14,21,21,21,21,21,21,202,0,11,13,9,84,15275
"1591454933","10","","Aggregated",6.60,0.00,11,11,12,12,13,15,20,21,21,21,21,21,296,0,11,13,9,102,15872
"1591454935","10","GET","GetHome",2.30,0.00,11,11,12,12,13,13,13,13,13,13,13,13,98,0,11,13,9,102,17157
"1591454935","10","GET","GetKnownIssues",4.10,0.00,11,11,11,12,12,13,21,21,21,21,21,21,212,0,11,13,9,84,15275
"1591454935","10","","Aggregated",6.40,0.00,11,11,11,12,13,13,15,21,21,21,21,21,310,0,11,13,9,102,15869
"1591454937","10","GET","GetHome",1.90,0.00,11,11,12,12,13,13,13,13,13,13,13,13,100,0,11,13,9,102,17157
"1591454937","10","GET","GetKnownIssues",4.40,0.00,11,11,11,11,12,12,21,21,21,21,21,21,222,0,11,13,9,84,15275
"1591454937","10","","Aggregated",6.30,0.00,11,11,11,11,12,13,13,21,21,21,21,21,322,0,11,13,9,102,15859
"1591454939","10","GET","GetHome",1.80,0.00,11,11,11,11,12,13,13,13,13,13,13,13,105,0,11,13,9,102,17157
"1591454939","10","GET","GetKnownIssues",4.60,0.00,11,11,11,11,12,13,21,21,21,21,21,21,229,0,11,12,9,84,15275
"1591454939","10","","Aggregated",6.40,0.00,11,11,11,11,12,13,13,21,21,21,21,21,334,0,11,13,9,102,15866
"1591454941","10","GET","GetHome",1.80,0.00,11,11,12,12,17,23,23,23,23,23,23,23,111,0,11,13,9,102,17157
"1591454941","10","GET","GetKnownIssues",4.50,0.00,11,11,11,11,12,12,13,13,13,13,13,13,237,0,11,12,9,84,15275
"1591454941","10","","Aggregated",6.30,0.00,11,11,11,11,12,13,17,23,23,23,23,23,348,0,11,13,9,102,15875
"1591454943","10","GET","GetHome",2.10,0.00,11,11,12,12,17,23,23,23,23,23,23,23,115,0,11,13,9,102,17157
"1591454943","10","GET","GetKnownIssues",4.60,0.00,11,11,11,12,12,12,13,13,13,13,13,13,246,0,11,12,9,84,15275
"1591454943","10","","Aggregated",6.70,0.00,11,11,11,12,12,13,17,23,23,23,23,23,361,0,11,13,9,102,15874
"1591454945","10","GET","GetHome",2.20,0.00,11,11,12,13,17,21,23,23,23,23,23,23,120,0,11,13,9,102,17157
"1591454945","10","GET","GetKnownIssues",4.50,0.00,11,11,12,12,12,13,18,18,18,18,18,18,256,0,11,12,9,84,15275
"1591454945","10","","Aggregated",6.70,0.00,11,11,12,12,13,17,21,23,23,23,23,23,376,0,11,13,9,102,15875
"1591454947","10","GET","GetHome",2.20,0.00,11,13,14,14,18,21,23,23,23,23,23,23,125,0,11,13,9,102,17157
"1591454947","10","GET","GetKnownIssues",4.70,0.00,11,12,12,12,15,18,25,25,25,25,25,25,263,0,11,12,9,84,15275
"1591454947","10","","Aggregated",6.90,0.00,11,12,12,13,17,19,23,25,25,25,25,25,388,0,11,13,9,102,15881
"1591454949","10","GET","GetHome",2.30,0.00,12,13,14,14,15,18,21,21,21,21,21,21,129,0,11,13,9,102,17157
"1591454949","10","GET","GetKnownIssues",4.40,0.00,11,12,12,13,16,18,25,25,25,25,25,25,275,0,11,12,9,84,15275
"1591454949","10","","Aggregated",6.70,0.00,11,12,13,14,16,18,21,25,25,25,25,25,404,0,11,13,9,102,15875
"1591454951","10","GET","GetHome",2.40,0.00,12,13,14,14,15,18,21,21,21,21,21,21,134,0,11,13,9,102,17157
"1591454951","10","GET","GetKnownIssues",4.20,0.00,11,12,13,13,16,18,25,25,25,25,25,25,283,0,11,12,9,84,15275
"1591454951","10","","Aggregated",6.60,0.00,11,12,13,14,16,18,21,25,25,25,25,25,417,0,11,12,9,102,15879
"1591454953","10","GET","GetHome",2.30,0.00,12,12,14,14,15,18,21,21,21,21,21,21,137,0,11,13,9,102,17157
"1591454953","10","GET","GetKnownIssues",4.40,0.00,11,12,13,13,15,16,25,25,25,25,25,25,293,0,11,12,9,84,15275
"1591454953","10","","Aggregated",6.70,0.00,11,12,13,14,15,18,21,25,25,25,25,25,430,0,11,12,9,102,15874
"1591454955","10","GET","GetHome",2.20,0.00,12,12,14,14,15,21,21,21,21,21,21,21,141,0,11,13,9,102,17157
"1591454955","10","GET","GetKnownIssues",4.60,0.00,11,12,13,14,16,19,25,25,25,25,25,25,304,0,11,12,9,84,15275
"1591454955","10","","Aggregated",6.80,0.00,11,12,13,14,16,19,21,25,25,25,25,25,445,0,11,12,9,102,15871
"1591454957","10","GET","GetHome",2.00,0.00,12,12,13,14,15,21,21,21,21,21,21,21,145,0,11,13,9,102,17157
"1591454957","10","GET","GetKnownIssues",4.50,0.00,11,12,13,13,16,21,39,39,39,39,39,39,313,0,11,12,9,84,15275
"1591454957","10","","Aggregated",6.50,0.00,11,12,13,13,15,21,28,39,39,39,39,39,458,0,11,13,9,102,15870
"1591454959","10","GET","GetHome",2.10,0.00,11,12,12,13,15,21,21,21,21,21,21,21,150,0,11,13,9,102,17157
"1591454959","10","GET","GetKnownIssues",4.80,0.00,11,12,12,13,16,21,39,39,39,39,39,39,321,0,11,12,9,84,15275
"1591454959","10","","Aggregated",6.90,0.00,11,12,12,13,15,21,28,39,39,39,39,39,471,0,11,12,9,102,15874
"1591454961","10","GET","GetHome",2.10,0.00,11,11,12,12,14,21,21,21,21,21,21,21,153,0,11,13,9,102,17157
"1591454961","10","GET","GetKnownIssues",4.70,0.00,11,12,12,13,18,21,39,39,39,39,39,39,330,0,11,12,9,84,15275
"1591454961","10","","Aggregated",6.80,0.00,11,12,12,12,16,21,28,39,39,39,39,39,483,0,11,12,9,102,15871
"1591454963","10","GET","GetHome",2.00,0.00,11,11,12,12,13,21,21,21,21,21,21,21,154,0,11,13,9,102,17157
"1591454963","10","GET","GetKnownIssues",4.70,0.00,11,12,12,13,18,21,39,39,39,39,39,39,342,0,11,12,9,84,15275
"1591454963","10","","Aggregated",6.70,0.00,11,12,12,12,14,21,28,39,39,39,39,39,496,0,11,12,9,102,15859
"1591454965","10","GET","GetHome",1.70,0.00,11,11,11,12,12,22,22,22,22,22,22,22,157,0,11,13,9,102,17157
"1591454965","10","GET","GetKnownIssues",5.00,0.00,11,11,12,12,13,13,21,21,21,21,21,21,352,0,11,12,9,84,15275
"1591454965","10","","Aggregated",6.70,0.00,11,11,12,12,12,13,21,22,22,22,22,22,509,0,11,12,9,102,15855
"1591454967","10","GET","GetHome",1.70,0.00,11,11,12,12,13,22,22,22,22,22,22,22,160,0,11,13,9,102,17157
"1591454967","10","GET","GetKnownIssues",5.10,0.00,11,11,12,12,13,13,21,21,21,21,21,21,363,0,11,12,9,84,15275
"1591454967","10","","Aggregated",6.80,0.00,11,11,12,12,13,13,21,22,22,22,22,22,523,0,11,12,9,102,15850
"1591454969","10","GET","GetHome",1.50,0.00,11,12,12,13,13,22,22,22,22,22,22,22,165,0,11,13,9,102,17157
"1591454969","10","GET","GetKnownIssues",5.00,0.00,11,11,12,12,13,14,21,21,21,21,21,21,371,0,11,12,9,84,15275
"1591454969","10","","Aggregated",6.50,0.00,11,12,12,12,13,14,21,22,22,22,22,22,536,0,11,12,9,102,15854
"1591454971","10","GET","GetHome",1.50,0.00,11,12,12,13,13,22,22,22,22,22,22,22,168,0,11,13,9,102,17157
"1591454971","10","GET","GetKnownIssues",5.00,0.00,11,11,12,12,13,13,15,15,15,15,15,15,381,0,11,12,9,84,15275
"1591454971","10","","Aggregated",6.50,0.00,11,12,12,12,13,13,15,22,22,22,22,22,549,0,11,12,9,102,15850
"1591454973","10","GET","GetHome",1.50,0.00,11,12,12,12,13,13,13,13,13,13,13,13,171,0,11,13,9,102,17157
"1591454973","10","GET","GetKnownIssues",5.00,0.00,11,12,12,12,13,16,22,22,22,22,22,22,391,0,11,12,9,84,15275
"1591454973","10","","Aggregated",6.50,0.00,11,12,12,12,13,15,21,22,22,22,22,22,562,0,11,12,9,102,15847
"1591454975","10","GET","GetHome",1.60,0.00,11,11,11,12,12,13,13,13,13,13,13,13,177,0,11,12,9,102,17157
"1591454975","10","GET","GetKnownIssues",4.80,0.00,11,12,12,12,13,16,22,22,22,22,22,22,398,0,11,12,9,84,15275
"1591454975","10","","Aggregated",6.40,0.00,11,11,12,12,13,16,21,22,22,22,22,22,575,0,11,12,9,102,15854
"1591454977","10","GET","GetHome",1.90,0.00,11,11,12,12,13,15,15,15,15,15,15,15,181,0,11,12,9,102,17157
"1591454977","10","GET","GetKnownIssues",4.60,0.00,11,12,13,13,13,16,22,22,22,22,22,22,409,0,11,12,9,84,15275
"1591454977","10","","Aggregated",6.50,0.00,11,12,12,13,13,15,21,22,22,22,22,22,590,0,11,12,9,102,15852
"1591454979","10","GET","GetHome",2.00,0.00,11,11,11,11,13,15,15,15,15,15,15,15,184,0,11,12,9,102,17157
"1591454979","10","GET","GetKnownIssues",4.50,0.00,11,12,12,13,13,16,22,22,22,22,22,22,416,0,11,12,9,84,15275
"1591454979","10","","Aggregated",6.50,0.00,11,12,12,12,13,15,21,22,22,22,22,22,600,0,11,12,9,102,15852
"1591454981","10","GET","GetHome",1.90,0.00,11,12,12,12,13,14,15,15,15,15,15,15,190,0,11,12,9,102,17157
"1591454981","10","GET","GetKnownIssues",4.60,0.00,11,11,12,12,13,16,22,22,22,22,22,22,426,0,11,12,9,84,15275
"1591454981","10","","Aggregated",6.50,0.00,11,11,12,12,13,15,16,22,22,22,22,22,616,0,11,12,9,102,15855
"1591454983","10","GET","GetHome",1.90,0.00,11,12,12,12,13,14,15,15,15,15,15,15,193,0,11,12,9,102,17157
"1591454983","10","GET","GetKnownIssues",4.50,0.00,11,11,11,12,12,13,16,16,16,16,16,16,434,0,11,12,9,84,15275
"1591454983","10","","Aggregated",6.40,0.00,11,11,12,12,13,13,15,16,16,16,16,16,627,0,11,12,9,102,15854
"1591454985","10","GET","GetHome",2.20,0.00,12,12,12,12,13,14,15,15,15,15,15,15,199,0,11,12,9,102,17157
"1591454985","10","GET","GetKnownIssues",4.40,0.00,11,11,12,12,12,13,30,30,30,30,30,30,443,0,11,12,9,84,15275
"1591454985","10","","Aggregated",6.60,0.00,11,12,12,12,13,14,16,30,30,30,30,30,642,0,11,12,9,102,15858
"1591454987","10","GET","GetHome",2.20,0.00,11,12,12,12,14,14,15,15,15,15,15,15,204,0,11,12,9,102,17157
"1591454987","10","GET","GetKnownIssues",4.30,0.00,11,11,11,11,12,16,30,30,30,30,30,30,450,0,11,12,9,84,15275
"1591454987","10","","Aggregated",6.50,0.00,11,11,12,12,12,14,16,30,30,30,30,30,654,0,11,12,9,102,15862
"1591454989","10","GET","GetHome",2.40,0.00,12,12,12,12,13,14,15,15,15,15,15,15,208,0,11,12,9,102,17157
"1591454989","10","GET","GetKnownIssues",4.20,0.00,11,11,12,12,13,17,30,30,30,30,30,30,457,0,11,12,9,84,15275
"1591454989","10","","Aggregated",6.60,0.00,11,12,12,12,13,16,17,30,30,30,30,30,665,0,11,12,9,102,15863
"1591454991","10","GET","GetHome",2.50,0.00,11,11,12,12,13,14,15,15,15,15,15,15,213,3,11,12,8,102,16918
"1591454991","10","GET","GetKnownIssues",4.20,0.00,11,11,12,12,13,30,53,53,53,53,53,53,468,5,11,12,7,84,15113
"1591454991","10","","Aggregated",6.70,0.00,11,11,12,12,13,17,39,53,53,53,53,53,681,8,11,12,7,102,15678
"1591454993","10","GET","GetHome",2.30,0.00,11,11,11,12,12,13,14,14,14,14,14,14,216,6,11,12,7,102,16686
"1591454993","10","GET","GetKnownIssues",4.20,0.30,11,11,12,12,13,17,53,53,53,53,53,53,477,10,11,12,7,84,14959
"1591454993","10","","Aggregated",6.50,0.30,11,11,12,12,13,14,39,53,53,53,53,53,693,16,11,12,7,102,15497
"1591454995","10","GET","GetHome",2.20,0.40,10,10,11,11,12,13,14,14,14,14,14,14,223,12,11,12,7,102,16244
"1591454995","10","GET","GetKnownIssues",4.30,1.00,10,11,12,12,14,39,53,53,53,53,53,53,485,16,11,12,7,84,14777
"1591454995","10","","Aggregated",6.50,1.40,10,11,11,12,13,14,39,53,53,53,53,53,708,28,11,12,7,102,15239
"1591454997","10","GET","GetHome",2.40,1.10,9,10,10,11,12,13,13,13,13,13,13,13,230,18,11,12,7,102,15830
"1591454997","10","GET","GetKnownIssues",4.20,1.30,9,11,11,11,13,39,53,53,53,53,53,53,493,22,11,12,7,84,14602
"1591454997","10","","Aggregated",6.60,2.40,9,10,11,11,12,13,39,53,53,53,53,53,723,40,11,12,7,102,14992
"1591454999","10","GET","GetHome",2.70,1.80,9,9,10,10,11,12,13,13,13,13,13,13,235,21,11,12,7,102,15641
"1591454999","10","GET","GetKnownIssues",4.20,1.90,9,10,11,11,11,12,14,14,14,14,14,14,499,27,11,12,7,84,14459
"1591454999","10","","Aggregated",6.90,3.70,9,9,10,11,11,12,13,14,14,14,14,14,734,48,11,12,7,102,14838
"1591455001","10","GET","GetHome",2.60,2.00,9,9,10,11,11,12,13,13,13,13,13,13,239,23,11,12,7,102,15525
"1591455001","10","GET","GetKnownIssues",4.20,2.60,9,9,11,11,11,12,14,14,14,14,14,14,507,33,11,12,7,84,14293
"1591455001","10","","Aggregated",6.80,4.60,9,9,10,11,11,12,13,14,14,14,14,14,746,56,11,12,7,102,14688
"1591455003","10","GET","GetHome",2.90,2.30,9,9,10,11,11,12,13,13,13,13,13,13,245,29,11,12,7,102,15150
"1591455003","10","GET","GetKnownIssues",4.10,3.00,9,9,11,11,12,12,15,15,15,15,15,15,516,39,11,12,7,84,14135
"1591455003","10","","Aggregated",7.00,5.30,9,9,11,11,11,12,13,15,15,15,15,15,761,68,11,12,7,102,14462
"1591455005","10","GET","GetHome",3.00,2.40,9,10,11,11,12,13,17,17,17,17,17,17,249,32,11,12,7,102,14978
"1591455005","10","GET","GetKnownIssues",3.90,2.80,9,9,10,11,11,12,15,15,15,15,15,15,525,45,11,12,7,84,13983
"1591455005","10","","Aggregated",6.90,5.20,9,9,10,11,11,12,15,17,17,17,17,17,774,77,11,12,7,102,14303
"1591455007","10","GET","GetHome",2.70,2.00,9,9,11,11,11,12,17,17,17,17,17,17,253,35,11,12,7,102,14811
"1591455007","10","GET","GetKnownIssues",4.10,3.10,9,10,10,11,12,12,33,33,33,33,33,33,534,52,11,12,7,84,13807
"1591455007","10","","Aggregated",6.80,5.10,9,10,11,11,12,12,17,33,33,33,33,33,787,87,11,12,7,102,14130
"1591455009","10","GET","GetHome",2.20,1.60,9,9,10,11,11,11,17,17,17,17,17,17,259,41,11,12,7,102,14473
"1591455009","10","GET","GetKnownIssues",4.20,3.20,9,10,11,11,12,15,33,33,33,33,33,33,541,56,11,12,7,84,13714
"1591455009","10","","Aggregated",6.40,4.80,9,10,11,11,12,12,17,33,33,33,33,33,800,97,11,12,7,102,13960
"1591455011","10","GET","GetHome",2.20,1.80,9,9,10,10,11,17,17,17,17,17,17,17,260,42,11,12,7,102,14418
"1591455011","10","GET","GetKnownIssues",4.10,2.80,9,10,11,11,12,12,33,33,33,33,33,33,552,63,11,12,7,84,13554
"1591455011","10","","Aggregated",6.30,4.60,9,10,10,11,12,12,17,33,33,33,33,33,812,105,11,12,7,102,13831
"1591455013","10","GET","GetHome",2.10,1.90,8,9,9,10,11,11,11,11,11,11,11,11,263,45,11,12,7,102,14256
"1591455013","10","GET","GetKnownIssues",4.40,2.90,8,10,10,11,11,12,33,33,33,33,33,33,561,69,11,12,7,84,13421
"1591455013","10","","Aggregated",6.50,4.80,8,9,10,10,11,12,12,33,33,33,33,33,824,114,11,12,7,102,13687
"1591455015","10","GET","GetHome",1.80,1.60,9,9,10,10,11,12,12,12,12,12,12,12,266,47,11,12,7,102,14161
"1591455015","10","GET","GetKnownIssues",4.30,2.90,9,10,10,11,11,12,23,23,23,23,23,23,571,77,11,12,7,84,13242
"1591455015","10","","Aggregated",6.10,4.50,9,10,10,11,11,12,12,23,23,23,23,23,837,124,11,12,7,102,13534
"1591455017","10","GET","GetHome",1.70,1.50,9,11,11,11,12,12,12,12,12,12,12,12,269,47,11,11,7,102,14194
"1591455017","10","GET","GetKnownIssues",4.40,3.00,9,10,10,11,12,12,23,23,23,23,23,23,584,89,11,11,7,84,12978
"1591455017","10","","Aggregated",6.10,4.50,9,10,11,11,12,12,12,23,23,23,23,23,853,136,11,11,7,102,13361
"1591455019","10","GET","GetHome",1.60,1.30,11,11,11,12,12,14,14,14,14,14,14,14,272,48,11,11,7,102,14165
"1591455019","10","GET","GetKnownIssues",4.70,3.30,9,10,10,11,12,12,23,23,23,23,23,23,591,95,11,11,7,84,12852
"1591455019","10","","Aggregated",6.30,4.60,9,10,11,11,12,12,20,23,23,23,23,23,863,143,11,11,7,102,13266
"1591455021","10","GET","GetHome",1.40,0.90,11,11,12,12,18,20,20,20,20,20,20,20,279,54,11,11,7,102,13875
"1591455021","10","GET","GetKnownIssues",5.00,3.90,9,10,11,11,17,20,23,23,23,23,23,23,597,99,11,11,7,84,12775
"1591455021","10","","Aggregated",6.40,4.80,9,11,11,12,17,20,20,23,23,23,23,23,876,153,11,11,7,102,13125
"1591455023","10","GET","GetHome",1.90,1.20,11,12,12,13,18,20,20,20,20,20,20,20,283,57,11,11,7,102,13742
"1591455023","10","GET","GetKnownIssues",4.50,3.50,9,10,11,11,12,18,20,20,20,20,20,20,606,105,11,11,7,84,12663
"1591455023","10","","Aggregated",6.40,4.70,9,11,11,12,14,18,20,20,20,20,20,20,889,162,11,11,7,102,13006
"1591455025","10","GET","GetHome",2.10,1.30,9,11,12,12,14,18,20,20,20,20,20,20,289,63,11,11,7,102,13461
"1591455025","10","GET","GetKnownIssues",4.60,3.70,9,10,11,12,18,20,20,20,20,20,20,20,616,112,11,11,7,84,12534
"1591455025","10","","Aggregated",6.70,5.00,9,11,12,12,17,18,20,20,20,20,20,20,905,175,11,11,7,102,12830
"1591455027","10","GET","GetHome",2.30,1.60,9,9,12,12,14,18,20,20,20,20,20,20,293,67,11,11,7,102,13280
"1591455027","10","GET","GetKnownIssues",4.40,3.40,9,10,12,12,18,20,20,20,20,20,20,20,624,117,11,11,7,84,12449
"1591455027","10","","Aggregated",6.70,5.00,9,10,12,12,17,18,20,20,20,20,20,20,917,184,11,11,7,102,12714
"1591455029","10","GET","GetHome",2.40,1.90,9,9,10,10,13,17,20,20,20,20,20,20,301,73,11,11,7,102,13045
"1591455029","10","GET","GetKnownIssues",4.20,3.00,9,11,12,13,17,18,20,20,20,20,20,20,628,119,11,11,7,84,12419
"1591455029","10","","Aggregated",6.60,4.90,9,10,12,12,15,17,20,20,20,20,20,20,929,192,11,11,7,102,12621
"1591455031","10","GET","GetHome",3.00,2.60,9,9,9,10,12,13,17,17,17,17,17,17,304,75,11,11,7,102,12974
"1591455031","10","GET","GetKnownIssues",3.90,2.60,9,10,11,11,13,15,18,18,18,18,18,18,642,131,11,11,7,84,12199
"1591455031","10","","Aggregated",6.90,5.20,9,9,11,11,13,15,17,18,18,18,18,18,946,206,11,11,7,102,12448
"1591455033","10","GET","GetHome",2.40,2.10,9,9,9,10,12,17,17,17,17,17,17,17,307,78,11,11,7,102,12849
"1591455033","10","GET","GetKnownIssues",4.00,2.80,9,11,11,12,13,17,59,59,59,59,59,59,651,137,11,11,7,84,12103
"1591455033","10","","Aggregated",6.40,4.90,9,9,11,11,12,17,18,59,59,59,59,59,958,215,11,11,7,102,12342
"1591455035","10","GET","GetHome",2.30,2.00,9,9,10,10,11,13,17,17,17,17,17,17,311,81,11,11,7,102,12741
"1591455035","10","GET","GetKnownIssues",4.40,3.00,9,11,11,12,13,14,59,59,59,59,59,59,660,143,11,11,7,84,12009
"1591455035","10","","Aggregated",6.70,5.00,9,10,11,11,13,14,17,59,59,59,59,59,971,224,11,11,7,102,12243
"1591455037","10","GET","GetHome",2.10,1.70,9,10,12,13,16,17,20,20,20,20,20,20,317,85,11,11,7,102,12610
"1591455037","10","GET","GetKnownIssues",4.60,3.30,9,10,11,11,12,14,59,59,59,59,59,59,666,148,11,11,7,84,11925
"1591455037","10","","Aggregated",6.70,5.00,9,10,11,12,13,17,20,59,59,59,59,59,983,233,11,11,7,102,12146
"1591455039","10","GET","GetHome",2.40,1.90,10,11,13,13,20,49,49,49,49,49,49,49,321,88,11,11,7,102,12509
"1591455039","10","GET","GetKnownIssues",4.30,3.20,9,10,11,11,13,21,59,59,59,59,59,59,676,156,11,11,7,84,11796
"1591455039","10","","Aggregated",6.70,5.10,9,11,11,12,14,21,52,59,59,59,59,59,997,244,11,11,7,102,12026
"1591455041","10","GET","GetHome",2.00,1.40,11,13,16,20,49,51,62,62,62,62,62,62,325,91,11,12,7,102,12409
"1591455041","10","GET","GetKnownIssues",4.40,3.40,9,11,12,13,21,54,71,71,71,71,71,71,686,163,11,12,7,84,11693
"1591455041","10","","Aggregated",6.40,4.80,10,12,13,15,49,54,62,71,71,71,71,71,1011,254,11,12,7,102,11923
"1591455043","10","GET","GetHome",2.00,1.50,12,13,20,21,51,51,62,62,62,62,62,62,329,94,11,12,7,102,12313
"1591455043","10","GET","GetKnownIssues",4.80,3.60,9,11,12,12,21,54,71,71,71,71,71,71,692,167,11,12,7,84,11637
"1591455043","10","","Aggregated",6.80,5.10,10,12,13,15,51,54,62,71,71,71,71,71,1021,261,11,12,7,102,11855
"1591455045","10","GET","GetHome",2.20,1.70,11,12,16,21,51,51,62,62,62,62,62,62,334,97,11,12,7,102,12233
"1591455045","10","GET","GetKnownIssues",4.30,3.20,9,10,12,13,21,54,71,71,71,71,71,71,699,173,11,11,7,84,11544
"1591455045","10","","Aggregated",6.50,4.90,9,11,13,15,51,54,62,71,71,71,71,71,1033,270,11,12,7,102,11767
"1591455047","10","GET","GetHome",2.30,1.80,10,12,12,21,51,51,62,62,62,62,62,62,341,103,11,12,7,102,12035
"1591455047","10","GET","GetKnownIssues",4.10,3.10,9,11,12,15,52,60,71,71,71,71,71,71,708,179,11,12,7,84,11464
"1591455047","10","","Aggregated",6.40,4.90,9,11,12,15,51,54,62,71,71,71,71,71,1049,282,11,12,7,102,11650
"1591455049","10","GET","GetHome",2.30,1.60,9,12,12,12,51,51,62,62,62,62,62,62,343,105,11,12,7,102,11967
"1591455049","10","GET","GetKnownIssues",4.20,3.20,9,11,12,14,51,60,71,71,71,71,71,71,719,187,11,12,7,84,11355
"1591455049","10","","Aggregated",6.50,4.80,9,11,12,12,51,54,62,71,71,71,71,71,1062,292,11,12,7,102,11552
"1591455051","10","GET","GetHome",2.30,1.80,9,9,11,12,12,14,51,51,51,51,51,51,346,108,11,12,7,102,11865
"1591455051","10","GET","GetKnownIssues",4.30,3.10,9,10,11,11,14,24,60,60,60,60,60,60,730,195,11,12,7,84,11248
"1591455051","10","","Aggregated",6.60,4.90,9,9,11,12,14,24,51,60,60,60,60,60,1076,303,11,12,7,102,11447
"1591455053","10","GET","GetHome",2.30,1.80,9,9,10,11,12,14,14,14,14,14,14,14,350,112,11,12,7,102,11731
"1591455053","10","GET","GetKnownIssues",4.40,3.10,9,10,11,11,13,24,60,60,60,60,60,60,741,202,11,11,7,84,11166
"1591455053","10","","Aggregated",6.70,4.90,9,9,11,11,13,16,51,60,60,60,60,60,1091,314,11,12,7,102,11347
"1591455055","10","GET","GetHome",2.00,1.60,9,9,10,11,12,12,14,14,14,14,14,14,353,114,11,12,7,102,11681
"1591455055","10","GET","GetKnownIssues",4.50,3.30,9,9,11,11,12,16,24,51,51,51,51,51,752,211,11,11,7,84,11046
"1591455055","10","","Aggregated",6.50,4.90,9,9,10,11,12,14,24,51,51,51,51,51,1105,325,11,11,7,102,11249
"1591455057","10","GET","GetHome",2.00,1.60,9,9,9,9,9,11,11,11,11,11,11,11,355,116,11,12,7,102,11617
"1591455057","10","GET","GetKnownIssues",4.80,3.40,9,9,10,11,12,13,16,24,24,24,24,24,761,217,11,11,7,84,10977
"1591455057","10","","Aggregated",6.80,5.00,9,9,10,10,12,13,16,24,24,24,24,24,1116,333,11,11,7,102,11180
"1591455059","10","GET","GetHome",1.50,1.40,9,9,9,9,11,11,11,11,11,11,11,11,358,118,11,12,7,102,11568
"1591455059","10","GET","GetKnownIssues",5.20,3.70,9,9,10,11,12,12,13,13,13,13,13,13,770,223,11,11,7,84,10909
"1591455059","10","","Aggregated",6.70,5.10,9,9,10,11,12,12,13,13,13,13,13,13,1128,341,11,11,7,102,11119
"1591455061","10","GET","GetHome",1.40,1.20,9,9,9,10,11,11,11,11,11,11,11,11,364,123,11,11,7,102,11428
"1591455061","10","GET","GetKnownIssues",5.30,3.80,9,9,10,11,12,12,18,18,18,18,18,18,778,229,11,11,7,84,10838
"1591455061","10","","Aggregated",6.70,5.00,9,9,10,11,12,12,13,18,18,18,18,18,1142,352,11,11,7,102,11026
"1591455063","10","GET","GetHome",1.70,1.50,9,9,10,11,11,12,12,12,12,12,12,12,370,128,11,11,7,102,11291
"1591455063","10","GET","GetKnownIssues",4.80,3.40,9,9,11,11,12,12,18,18,18,18,18,18,786,235,11,11,7,84,10768
"1591455063","10","","Aggregated",6.50,4.90,9,9,10,11,12,12,12,18,18,18,18,18,1156,363,11,11,7,102,10936
"1591455065","10","GET","GetHome",2.10,1.70,8,9,10,11,12,18,18,18,18,18,18,18,372,129,11,11,7,102,11277
"1591455065","10","GET","GetKnownIssues",4.80,3.40,9,10,11,11,12,14,18,18,18,18,18,18,797,243,11,11,7,84,10679
"1591455065","10","","Aggregated",6.90,5.10,9,10,11,11,12,14,18,18,18,18,18,18,1169,372,11,11,7,102,10869
"1591455067","10","GET","GetHome",2.00,1.60,9,9,10,10,11,12,18,18,18,18,18,18,377,133,11,11,7,102,11175
"1591455067","10","GET","GetKnownIssues",4.70,3.40,9,10,11,11,12,14,18,18,18,18,18,18,807,251,11,11,7,84,10587
"1591455067","10","","Aggregated",6.70,5.00,9,9,11,11,12,14,18,18,18,18,18,18,1184,384,11,11,7,102,10774
"1591455069","10","GET","GetHome",2.20,1.70,8,9,10,11,12,18,18,18,18,18,18,18,378,134,11,11,7,102,11146
"1591455069","10","GET","GetKnownIssues",4.50,3.30,9,9,11,11,12,14,18,18,18,18,18,18,817,258,11,11,7,84,10515
"1591455069","10","","Aggregated",6.70,5.00,9,9,11,11,12,14,18,18,18,18,18,18,1195,392,11,11,7,102,10715
"1591455071","10","GET","GetHome",2.10,1.70,9,9,10,11,12,18,18,18,18,18,18,18,380,136,11,11,7,102,11089
"1591455071","10","GET","GetKnownIssues",4.60,3.40,9,9,11,11,12,15,54,54,54,54,54,54,828,265,11,11,7,84,10451
"1591455071","10","","Aggregated",6.70,5.10,9,9,11,11,12,15,18,54,54,54,54,54,1208,401,11,11,7,102,10651
"1591455073","10","GET","GetHome",1.70,1.30,9,9,9,9,10,11,11,11,11,11,11,11,384,139,11,11,7,102,11020
"1591455073","10","GET","GetKnownIssues",4.90,3.60,9,9,11,11,12,15,54,54,54,54,54,54,836,271,11,11,7,84,10389
"1591455073","10","","Aggregated",6.60,4.90,9,9,11,11,12,14,16,54,54,54,54,54,1220,410,11,11,7,102,10587
"1591455075","10","GET","GetHome",1.30,1.10,9,9,9,10,10,11,11,11,11,11,11,11,388,143,11,11,7,102,10908
"1591455075","10","GET","GetKnownIssues",5.00,3.60,9,10,11,11,12,13,54,54,54,54,54,54,846,278,11,11,7,84,10322
"1591455075","10","","Aggregated",6.30,4.70,9,9,10,11,11,12,15,54,54,54,54,54,1234,421,11,11,7,102,10506
"1591455077","10","GET","GetHome",1.50,1.30,9,9,10,10,13,17,17,17,17,17,17,17,392,145,11,11,7,102,10885
"1591455077","10","GET","GetKnownIssues",4.80,3.40,9,9,11,11,12,13,54,54,54,54,54,54,852,283,11,11,7,84,10268
"1591455077","10","","Aggregated",6.30,4.70,9,9,10,11,12,15,17,54,54,54,54,54,1244,428,11,11,7,102,10463
"1591455079","10","GET","GetHome",1.60,1.30,9,9,10,10,13,17,17,17,17,17,17,17,396,148,11,11,7,102,10820
"1591455079","10","GET","GetKnownIssues",4.80,3.40,9,9,10,11,11,12,15,15,15,15,15,15,864,292,11,11,7,84,10181
"1591455079","10","","Aggregated",6.40,4.70,9,9,10,11,11,13,15,17,17,17,17,17,1260,440,11,11,7,102,10382
"1591455081","10","GET","GetHome",1.50,1.20,9,9,10,11,13,17,17,17,17,17,17,17,399,150,11,11,7,102,10783
"1591455081","10","GET","GetKnownIssues",4.80,3.40,9,9,10,10,11,12,13,13,13,13,13,13,873,299,11,11,7,84,10112
"1591455081","10","","Aggregated",6.30,4.60,9,9,10,10,11,12,13,17,17,17,17,17,1272,449,11,11,7,102,10323
"1591455083","10","GET","GetHome",1.80,1.40,9,10,11,11,13,17,17,17,17,17,17,17,402,153,11,11,7,102,10704
"1591455083","10","GET","GetKnownIssues",4.80,3.60,9,9,10,11,12,12,16,16,16,16,16,16,884,306,11,11,7,84,10057
"1591455083","10","","Aggregated",6.60,5.00,9,9,10,11,12,13,16,17,17,17,17,17,1286,459,11,11,7,102,10259
"1591455085","10","GET","GetHome",1.80,1.30,9,11,12,12,13,14,14,14,14,14,14,14,406,156,11,11,7,102,10642
"1591455085","10","GET","GetKnownIssues",4.80,3.60,9,9,10,11,11,12,16,16,16,16,16,16,893,313,11,11,7,84,9992
"1591455085","10","","Aggregated",6.60,4.90,9,9,11,11,12,12,14,16,16,16,16,16,1299,469,11,11,7,102,10195
"1591455087","10","GET","GetHome",1.90,1.40,9,11,11,11,12,14,14,14,14,14,14,14,409,158,11,11,7,102,10607
"1591455087","10","GET","GetKnownIssues",5.00,3.80,9,9,10,11,11,12,16,16,16,16,16,16,905,323,11,11,7,84,9895
"1591455087","10","","Aggregated",6.90,5.20,9,9,10,11,11,12,14,16,16,16,16,16,1314,481,11,11,7,102,10117
"1591455089","10","GET","GetHome",1.50,1.10,9,11,12,12,14,14,14,14,14,14,14,14,411,159,11,11,7,102,10598
"1591455089","10","GET","GetKnownIssues",5.00,3.80,9,9,11,11,11,16,18,25,25,25,25,25,917,332,11,11,7,84,9818
"1591455089","10","","Aggregated",6.50,4.90,9,9,11,11,12,14,18,25,25,25,25,25,1328,491,11,11,7,102,10059
"1591455091","10","GET","GetHome",1.70,1.30,9,11,12,12,14,14,14,14,14,14,14,14,415,162,11,11,7,102,10538
"1591455091","10","GET","GetKnownIssues",4.90,3.70,9,9,10,11,11,16,18,25,25,25,25,25,925,338,11,11,7,84,9767
"1591455091","10","","Aggregated",6.60,5.00,9,9,11,11,12,14,18,25,25,25,25,25,1340,500,11,11,7,102,10006
"1591455093","10","GET","GetHome",1.70,1.20,9,9,11,11,12,14,14,14,14,14,14,14,419,165,11,11,7,102,10480
"1591455093","10","GET","GetKnownIssues",5.00,3.80,9,9,10,11,11,12,25,25,25,25,25,25,933,344,11,11,7,84,9717
"1591455093","10","","Aggregated",6.70,5.00,9,9,11,11,11,12,18,25,25,25,25,25,1352,509,11,11,7,102,9954
"1591455095","10","GET","GetHome",1.90,1.40,9,9,11,11,12,14,14,14,14,14,14,14,423,168,11,11,7,102,10423
"1591455095","10","GET","GetKnownIssues",4.70,3.60,9,10,11,11,11,18,25,25,25,25,25,25,943,352,11,11,7,84,9648
"1591455095","10","","Aggregated",6.60,5.00,9,9,11,11,11,14,19,25,25,25,25,25,1366,520,11,11,7,102,9888
"1591455097","10","GET","GetHome",1.60,1.10,9,9,11,11,12,14,14,14,14,14,14,14,427,171,11,11,7,102,10367
"1591455097","10","GET","GetKnownIssues",4.80,3.70,9,10,11,11,11,12,19,19,19,19,19,19,952,358,11,11,7,84,9607
"1591455097","10","","Aggregated",6.40,4.80,9,9,11,11,11,12,18,19,19,19,19,19,1379,529,11,11,7,102,9842
"1591455099","10","GET","GetHome",1.90,1.40,9,9,10,11,11,12,12,12,12,12,12,12,431,175,11,11,7,102,10273
"1591455099","10","GET","GetKnownIssues",4.70,3.50,9,10,11,11,11,12,19,19,19,19,19,19,961,364,11,11,7,84,9566
"1591455099","10","","Aggregated",6.60,4.90,9,10,11,11,11,12,16,19,19,19,19,19,1392,539,11,11,7,102,9785
"1591455101","10","GET","GetHome",2.00,1.50,9,9,10,10,11,12,12,12,12,12,12,12,432,176,11,11,7,102,10249
"1591455101","10","GET","GetKnownIssues",4.90,3.70,9,10,11,11,12,13,19,19,19,19,19,19,974,373,11,11,7,84,9503
"1591455101","10","","Aggregated",6.90,5.20,9,10,11,11,12,13,16,19,19,19,19,19,1406,549,11,11,7,102,9732
"1591455103","10","GET","GetHome",1.60,1.30,9,9,11,11,11,12,12,12,12,12,12,12,437,179,11,11,7,102,10212
"1591455103","10","GET","GetKnownIssues",5.00,3.60,9,10,11,11,12,13,16,16,16,16,16,16,982,380,11,11,7,84,9442
"1591455103","10","","Aggregated",6.60,4.90,9,10,11,11,11,13,14,16,16,16,16,16,1419,559,11,11,7,102,9679
"1591455105","10","GET","GetHome",1.70,1.40,8,9,9,10,11,11,11,11,11,11,11,11,441,183,11,11,7,102,10121
"1591455105","10","GET","GetKnownIssues",5.00,3.60,9,10,11,11,12,13,16,16,16,16,16,16,992,387,11,11,7,84,9395
"1591455105","10","","Aggregated",6.70,5.00,9,10,11,11,11,13,14,16,16,16,16,16,1433,570,11,11,7,102,9618
"1591455107","10","GET","GetHome",1.60,1.30,9,9,10,11,11,14,14,14,14,14,14,14,446,186,11,11,7,102,10086
"1591455107","10","GET","GetKnownIssues",5.10,3.70,9,10,11,11,12,13,14,14,14,14,14,14,998,391,11,11,7,84,9370
"1591455107","10","","Aggregated",6.70,5.00,9,10,11,11,12,13,14,14,14,14,14,14,1444,577,11,11,7,102,9591
"1591455109","10","GET","GetHome",1.90,1.60,9,9,10,11,11,14,14,14,14,14,14,14,449,189,11,11,7,102,10020
"1591455109","10","GET","GetKnownIssues",5.00,3.60,9,10,10,11,12,13,18,18,18,18,18,18,1006,396,11,11,7,84,9342
"1591455109","10","","Aggregated",6.90,5.20,9,9,10,11,12,14,14,18,18,18,18,18,1455,585,11,11,7,102,9551
"1591455111","10","GET","GetHome",1.90,1.50,9,9,10,10,11,14,17,17,17,17,17,17,454,193,11,11,7,102,9949
"1591455111","10","GET","GetKnownIssues",4.40,3.10,9,10,11,12,12,18,26,26,26,26,26,26,1015,402,11,11,7,84,9305
"1591455111","10","","Aggregated",6.30,4.60,9,10,11,11,12,17,18,26,26,26,26,26,1469,595,11,11,7,102,9504
"1591455113","10","GET","GetHome",2.10,1.60,9,10,10,10,11,14,17,17,17,17,17,17,460,197,11,11,7,102,9896
"1591455113","10","GET","GetKnownIssues",3.90,2.80,9,10,11,11,12,12,26,26,26,26,26,26,1026,412,11,11,7,84,9222
"1591455113","10","","Aggregated",6.00,4.40,9,10,10,11,12,14,18,26,26,26,26,26,1486,609,11,11,7,102,9431
"1591455115","10","GET","GetHome",2.20,1.70,9,10,10,10,11,14,17,17,17,17,17,17,463,200,11,11,7,102,9833
"1591455115","10","GET","GetKnownIssues",4.10,2.90,9,10,11,11,12,12,26,26,26,26,26,26,1034,417,11,11,7,84,9196
"1591455115","10","","Aggregated",6.30,4.60,9,10,11,11,12,14,18,26,26,26,26,26,1497,617,11,11,7,102,9393
"1591455117","10","GET","GetHome",2.40,1.90,9,10,10,10,11,12,17,17,17,17,17,17,467,202,10,11,7,102,9823
"1591455117","10","GET","GetKnownIssues",4.10,2.90,9,10,11,11,12,12,26,26,26,26,26,26,1043,424,11,11,7,84,9147
"1591455117","10","","Aggregated",6.50,4.80,9,10,10,11,12,12,18,26,26,26,26,26,1510,626,11,11,7,102,9356
"1591455119","10","GET","GetHome",2.00,1.60,8,10,10,10,11,12,12,12,12,12,12,12,471,205,10,11,7,102,9777
"1591455119","10","GET","GetKnownIssues",4.40,3.20,9,9,10,11,11,12,14,14,14,14,14,14,1053,432,11,11,7,84,9091
"1591455119","10","","Aggregated",6.40,4.80,9,9,10,11,11,12,12,14,14,14,14,14,1524,637,11,11,7,102,9303
"1591455121","10","GET","GetHome",2.10,1.50,8,9,10,10,11,12,12,12,12,12,12,12,473,207,10,11,7,102,9737
"1591455121","10","GET","GetKnownIssues",4.50,3.50,9,9,10,10,11,11,14,14,14,14,14,14,1063,439,10,11,7,84,9050
"1591455121","10","","Aggregated",6.60,5.00,9,9,10,10,11,11,12,14,14,14,14,14,1536,646,10,11,7,102,9262
"1591455123","10","GET","GetHome",2.10,1.60,8,8,10,10,11,12,12,12,12,12,12,12,478,211,10,11,7,102,9673
"1591455123","10","GET","GetKnownIssues",5.00,3.80,9,9,10,11,11,12,14,14,14,14,14,14,1075,448,10,11,7,84,8993
"1591455123","10","","Aggregated",7.10,5.40,8,9,10,10,11,12,12,14,14,14,14,14,1553,659,10,11,7,102,9202
"1591455125","10","GET","GetHome",1.80,1.30,9,10,10,10,12,12,12,12,12,12,12,12,481,212,10,11,7,102,9684
"1591455125","10","GET","GetKnownIssues",4.80,3.70,9,9,10,10,11,12,14,14,14,14,14,14,1082,454,10,11,7,84,8950
"1591455125","10","","Aggregated",6.60,5.00,9,9,10,10,11,12,12,14,14,14,14,14,1563,666,10,11,7,102,9176
"1591455127","10","GET","GetHome",1.80,1.30,9,10,10,10,12,18,18,18,18,18,18,18,484,214,10,11,7,102,9660
"1591455127","10","GET","GetKnownIssues",4.70,3.50,9,9,10,11,11,12,14,14,14,14,14,14,1092,462,10,11,7,84,8898
"1591455127","10","","Aggregated",6.50,4.80,9,9,10,11,11,12,14,18,18,18,18,18,1576,676,10,11,7,102,9132
"1591455129","10","GET","GetHome",1.60,1.00,9,10,10,10,12,18,18,18,18,18,18,18,492,220,10,11,7,102,9575
"1591455129","10","GET","GetKnownIssues",4.80,3.70,9,9,10,11,11,12,12,12,12,12,12,12,1097,466,10,11,7,84,8872
"1591455129","10","","Aggregated",6.40,4.70,9,9,10,11,11,12,12,18,18,18,18,18,1589,686,10,11,7,102,9090
"1591455131","10","GET","GetHome",1.90,1.40,9,10,10,10,11,12,18,18,18,18,18,18,497,224,10,11,7,102,9515
"1591455131","10","GET","GetKnownIssues",4.70,3.50,9,9,10,11,12,12,13,13,13,13,13,13,1105,471,10,11,7,84,8850
"1591455131","10","","Aggregated",6.60,4.90,9,9,10,11,12,12,13,18,18,18,18,18,1602,695,10,11,7,102,9056
"1591455133","10","GET","GetHome",2.10,1.50,9,10,11,11,12,12,18,18,18,18,18,18,502,226,10,11,7,102,9524
"1591455133","10","GET","GetKnownIssues",4.20,3.20,9,9,9,11,12,12,13,13,13,13,13,13,1114,480,10,11,7,84,8780
"1591455133","10","","Aggregated",6.30,4.70,9,9,10,11,12,12,13,18,18,18,18,18,1616,706,10,11,7,102,9011
"1591455135","10","GET","GetHome",2.40,1.60,9,10,10,11,12,12,18,18,18,18,18,18,506,229,10,11,7,102,9484
"1591455135","10","GET","GetKnownIssues",4.40,3.50,9,9,9,11,11,12,13,13,13,13,13,13,1124,488,10,11,7,84,8731
"1591455135","10","","Aggregated",6.80,5.10,9,9,10,11,11,12,13,18,18,18,18,18,1630,717,10,11,7,102,8964
"1591455137","10","GET","GetHome",2.60,1.70,9,9,11,11,12,12,12,12,12,12,12,12,512,233,10,11,7,102,9441
"1591455137","10","GET","GetKnownIssues",4.10,3.40,8,9,9,9,11,12,13,13,13,13,13,13,1129,492,10,11,7,84,8706
"1591455137","10","","Aggregated",6.70,5.10,9,9,9,11,11,12,12,13,13,13,13,13,1641,725,10,11,7,102,8936
"1591455139","10","GET","GetHome",2.90,1.90,9,10,11,11,12,12,17,17,17,17,17,17,518,237,10,11,7,102,9400
"1591455139","10","GET","GetKnownIssues",3.70,3.00,9,9,11,11,11,13,13,13,13,13,13,13,1136,497,10,11,7,84,8681
"1591455139","10","","Aggregated",6.60,4.90,9,9,11,11,12,12,13,17,17,17,17,17,1654,734,10,11,7,102,8906
"1591455141","10","GET","GetHome",2.90,1.90,9,10,11,11,12,12,17,17,17,17,17,17,520,238,10,11,7,102,9397
"1591455141","10","GET","GetKnownIssues",3.70,3.00,9,10,10,11,11,11,16,16,16,16,16,16,1149,507,10,11,7,84,8624
"1591455141","10","","Aggregated",6.60,4.90,9,10,11,11,11,12,16,17,17,17,17,17,1669,745,10,11,7,102,8865
"1591455143","10","GET","GetHome",2.50,1.50,9,10,11,11,12,17,17,17,17,17,17,17,523,240,10,11,7,102,9376
"1591455143","10","GET","GetKnownIssues",3.90,3.20,9,10,10,11,11,11,16,16,16,16,16,16,1158,514,10,11,7,84,8585
"1591455143","10","","Aggregated",6.40,4.70,9,10,10,11,11,12,16,17,17,17,17,17,1681,754,10,11,7,102,8831
"1591455145","10","GET","GetHome",2.20,1.40,9,9,10,11,11,12,17,17,17,17,17,17,527,243,10,11,7,102,9339
"1591455145","10","GET","GetKnownIssues",4.20,3.40,9,10,10,11,11,11,16,16,16,16,16,16,1167,521,10,11,7,84,8546
"1591455145","10","","Aggregated",6.40,4.80,9,10,10,11,11,12,16,17,17,17,17,17,1694,764,10,11,7,102,8792
"1591455147","10","GET","GetHome",2.10,1.40,9,9,10,10,11,11,11,11,11,11,11,11,534,249,10,11,7,102,9251
"1591455147","10","GET","GetKnownIssues",4.40,3.40,9,10,10,11,11,11,16,16,16,16,16,16,1174,526,10,11,7,84,8522
"1591455147","10","","Aggregated",6.50,4.80,9,9,10,10,11,11,13,16,16,16,16,16,1708,775,10,11,7,102,8750
"1591455149","10","GET","GetHome",2.20,1.60,9,9,10,10,11,11,12,12,12,12,12,12,541,254,10,11,7,102,9197
"1591455149","10","GET","GetKnownIssues",4.50,3.50,9,9,10,10,11,13,16,16,16,16,16,16,1181,531,10,11,7,84,8498
"1591455149","10","","Aggregated",6.70,5.10,9,9,10,10,11,12,13,16,16,16,16,16,1722,785,10,11,7,102,8717
"1591455151","10","GET","GetHome",2.00,1.40,9,9,10,11,11,12,12,12,12,12,12,12,549,259,10,11,7,102,9158
"1591455151","10","GET","GetKnownIssues",4.60,3.50,8,9,10,10,11,13,13,13,13,13,13,13,1185,535,10,11,7,84,8470
"1591455151","10","","Aggregated",6.60,4.90,9,9,10,10,11,12,13,13,13,13,13,13,1734,794,10,11,7,102,8688
"1591455153","10","GET","GetHome",2.80,2.10,9,9,10,10,11,12,12,12,12,12,12,12,552,262,10,11,7,102,9109
"1591455153","10","GET","GetKnownIssues",4.00,3.00,8,9,10,11,13,15,36,36,36,36,36,36,1195,541,10,11,7,84,8451
"1591455153","10","","Aggregated",6.80,5.10,8,9,10,11,12,13,15,36,36,36,36,36,1747,803,10,11,7,102,8659
"1591455155","10","GET","GetHome",3.00,2.30,8,9,10,11,11,12,12,12,12,12,12,12,558,266,10,11,7,102,9074
"1591455155","10","GET","GetKnownIssues",3.70,2.70,9,10,11,12,15,34,36,36,36,36,36,36,1202,547,10,11,7,84,8416
"1591455155","10","","Aggregated",6.70,5.00,8,9,10,11,12,15,34,36,36,36,36,36,1760,813,10,11,7,102,8625
"1591455157","10","GET","GetHome",2.90,2.20,9,9,10,10,11,11,12,12,12,12,12,12,566,273,10,11,7,102,8979
"1591455157","10","GET","GetKnownIssues",3.50,2.60,9,10,11,12,15,34,36,36,36,36,36,36,1210,553,10,11,7,84,8386
"1591455157","10","","Aggregated",6.40,4.80,9,9,10,11,12,15,34,36,36,36,36,36,1776,826,10,11,7,102,8575
"1591455159","10","GET","GetHome",3.00,2.30,8,9,10,11,11,12,12,12,12,12,12,12,571,276,10,11,7,102,8962
"1591455159","10","GET","GetKnownIssues",3.50,2.50,9,10,10,11,15,34,36,36,36,36,36,36,1216,558,10,11,7,84,8358
"1591455159","10","","Aggregated",6.50,4.80,8,9,10,11,12,15,34,36,36,36,36,36,1787,834,10,11,7,102,8551
"1591455161","10","GET","GetHome",3.00,2.30,8,9,11,11,11,11,12,12,12,12,12,12,574,277,10,11,7,102,8975
"1591455161","10","GET","GetKnownIssues",3.60,2.70,8,9,10,11,15,34,36,36,36,36,36,36,1226,566,10,11,7,84,8316
"1591455161","10","","Aggregated",6.60,5.00,8,9,11,11,11,15,34,36,36,36,36,36,1800,843,10,11,7,102,8526
"1591455163","10","GET","GetHome",2.60,1.90,8,9,11,11,11,12,23,23,23,23,23,23,582,283,10,11,7,102,8913
"1591455163","10","GET","GetKnownIssues",4.20,3.30,8,9,10,10,11,28,34,34,34,34,34,34,1232,571,10,11,7,84,8289
"1591455163","10","","Aggregated",6.80,5.20,8,9,10,11,11,12,28,34,34,34,34,34,1814,854,10,11,7,102,8489
"1591455165","10","GET","GetHome",2.60,1.80,8,9,11,11,12,14,23,23,23,23,23,23,588,288,10,10,7,102,8853
"1591455165","10","GET","GetKnownIssues",4.00,3.10,8,9,10,10,11,11,12,12,12,12,12,12,1240,577,10,11,7,84,8261
"1591455165","10","","Aggregated",6.60,4.90,8,9,10,11,11,12,14,23,23,23,23,23,1828,865,10,11,7,102,8451
"1591455167","10","GET","GetHome",3.20,2.30,9,10,11,11,13,14,23,23,23,23,23,23,595,292,10,10,7,102,8836
"1591455167","10","GET","GetKnownIssues",3.70,2.90,9,9,10,10,11,11,12,12,12,12,12,12,1247,583,10,11,7,84,8228
"1591455167","10","","Aggregated",6.90,5.20,9,9,10,11,11,12,14,23,23,23,23,23,1842,875,10,11,7,102,8424
"1591455169","10","GET","GetHome",3.00,2.00,9,10,11,12,13,14,23,23,23,23,23,23,600,296,10,10,7,102,8793
"1591455169","10","GET","GetKnownIssues",3.70,3.00,9,9,10,10,11,12,12,12,12,12,12,12,1257,591,10,11,7,84,8188
"1591455169","10","","Aggregated",6.70,5.00,9,9,10,11,12,12,14,23,23,23,23,23,1857,887,10,11,7,102,8383
"1591455171","10","GET","GetHome",3.10,2.10,9,9,11,12,13,16,23,23,23,23,23,23,606,301,10,10,7,102,8735
"1591455171","10","GET","GetKnownIssues",3.80,3.10,9,10,10,11,11,12,25,25,25,25,25,25,1265,596,10,11,7,84,8173
"1591455171","10","","Aggregated",6.90,5.20,9,9,10,11,12,14,23,25,25,25,25,25,1871,897,10,11,7,102,8355
"1591455173","10","GET","GetHome",3.10,2.20,9,9,10,12,13,14,16,16,16,16,16,16,611,305,10,10,7,102,8693
"1591455173","10","GET","GetKnownIssues",3.70,2.90,9,10,10,11,12,12,25,25,25,25,25,25,1271,600,10,11,7,84,8159
"1591455173","10","","Aggregated",6.80,5.10,9,9,10,11,12,13,16,25,25,25,25,25,1882,905,10,11,7,102,8333
"1591455175","10","GET","GetHome",3.20,2.40,9,9,10,11,12,13,16,16,16,16,16,16,617,310,10,10,7,102,8638
"1591455175","10","GET","GetKnownIssues",3.70,2.90,9,10,10,11,12,12,25,25,25,25,25,25,1279,606,10,11,7,84,8133
"1591455175","10","","Aggregated",6.90,5.30,9,9,10,11,12,12,16,25,25,25,25,25,1896,916,10,10,7,102,8298
"1591455177","10","GET","GetHome",2.80,2.10,9,9,9,10,12,12,16,16,16,16,16,16,620,313,10,10,7,102,8597
"1591455177","10","GET","GetKnownIssues",4.20,3.20,9,10,11,11,12,12,25,25,25,25,25,25,1289,612,10,11,7,84,8119
"1591455177","10","","Aggregated",7.00,5.30,9,9,10,11,12,12,16,25,25,25,25,25,1909,925,10,10,7,102,8274
"1591455179","10","GET","GetHome",2.60,2.10,9,9,9,10,11,12,16,16,16,16,16,16,622,314,10,10,7,102,8598
"1591455179","10","GET","GetKnownIssues",4.10,3.00,9,10,10,11,11,12,15,15,15,15,15,15,1300,621,10,10,7,84,8075
"1591455179","10","","Aggregated",6.70,5.10,9,9,10,11,11,12,15,16,16,16,16,16,1922,935,10,10,7,102,8244
"1591455181","10","GET","GetHome",2.10,1.80,9,9,11,11,11,12,36,36,36,36,36,36,628,318,10,10,7,102,8572
"1591455181","10","GET","GetKnownIssues",4.20,2.90,9,9,10,11,11,12,15,15,15,15,15,15,1306,626,10,10,7,84,8050
"1591455181","10","","Aggregated",6.30,4.70,9,9,10,11,11,12,15,36,36,36,36,36,1934,944,10,10,7,102,8219
"1591455183","10","GET","GetHome",2.10,1.70,9,10,11,11,11,12,36,36,36,36,36,36,635,322,10,10,7,102,8559
"1591455183","10","GET","GetKnownIssues",4.40,3.10,9,9,10,10,11,12,15,15,15,15,15,15,1311,631,10,10,7,84,8020
"1591455183","10","","Aggregated",6.50,4.80,9,9,10,11,11,12,15,36,36,36,36,36,1946,953,10,10,7,102,8196
"1591455185","10","GET","GetHome",2.30,1.70,9,11,11,11,12,36,36,36,36,36,36,36,637,323,10,10,7,102,8560
"1591455185","10","GET","GetKnownIssues",4.20,3.10,9,9,10,10,11,12,15,15,15,15,15,15,1324,641,10,10,7,84,7978
"1591455185","10","","Aggregated",6.50,4.80,9,9,10,11,11,12,15,36,36,36,36,36,1961,964,10,10,7,102,8167
"1591455187","10","GET","GetHome",2.10,1.40,9,11,11,11,12,36,61,61,61,61,61,61,641,327,10,10,7,102,8508
"1591455187","10","GET","GetKnownIssues",4.10,3.20,9,9,10,10,11,11,13,13,13,13,13,13,1333,647,10,10,7,84,7959
"1591455187","10","","Aggregated",6.20,4.60,9,10,11,11,11,12,36,61,61,61,61,61,1974,974,10,10,7,102,8137
"1591455189","10","GET","GetHome",2.10,1.40,9,10,11,11,12,36,61,61,61,61,61,61,646,332,10,10,7,102,8443
"1591455189","10","GET","GetKnownIssues",4.40,3.40,9,9,11,11,11,13,66,66,66,66,66,66,1341,652,10,10,7,84,7946
"1591455189","10","","Aggregated",6.50,4.80,9,10,11,11,12,13,61,66,66,66,66,66,1987,984,10,10,7,102,8108
"1591455191","10","GET","GetHome",2.30,1.60,9,9,11,12,12,48,61,61,61,61,61,61,651,336,10,11,7,102,8406
"1591455191","10","GET","GetKnownIssues",4.20,3.20,9,10,11,11,12,51,66,66,66,66,66,66,1347,656,10,11,7,84,7934
"1591455191","10","","Aggregated",6.50,4.80,9,10,11,11,12,51,61,66,66,66,66,66,1998,992,10,11,7,102,8088
"1591455193","10","GET","GetHome",2.40,1.90,8,9,12,12,14,48,61,61,61,61,61,61,656,339,10,11,7,102,8395
"1591455193","10","GET","GetKnownIssues",3.90,2.80,9,10,11,11,11,51,66,66,66,66,66,66,1355,662,10,11,7,84,7911
"1591455193","10","","Aggregated",6.30,4.70,9,10,11,11,12,51,61,66,66,66,66,66,2011,1001,10,11,7,102,8069
"1591455195","10","GET","GetHome",2.20,1.80,9,9,12,12,48,49,61,61,61,61,61,61,659,341,10,11,7,102,8384
"1591455195","10","GET","GetKnownIssues",4.30,3.00,9,11,11,11,48,55,66,66,66,66,66,66,1366,670,10,11,7,84,7882
"1591455195","10","","Aggregated",6.50,4.80,9,11,11,12,48,55,66,66,66,66,66,66,2025,1011,10,11,7,102,8045
"1591455197","10","GET","GetHome",2.10,1.80,9,9,10,12,14,48,49,49,49,49,49,49,662,344,10,11,7,102,8347
"1591455197","10","GET","GetKnownIssues",4.30,3.00,9,11,11,25,55,66,100,100,100,100,100,100,1375,676,10,11,7,100,7865
"1591455197","10","","Aggregated",6.40,4.80,9,10,11,12,49,55,66,100,100,100,100,100,2037,1020,10,11,7,102,8021
"1591455199","10","GET","GetHome",2.30,1.90,9,9,12,12,14,48,49,49,49,49,49,49,668,348,10,11,7,102,8324
"1591455199","10","GET","GetKnownIssues",4.40,3.10,9,10,11,12,51,55,100,100,100,100,100,100,1385,685,10,11,7,100,7820
"1591455199","10","","Aggregated",6.70,5.00,9,10,11,12,48,53,66,100,100,100,100,100,2053,1033,10,11,7,102,7984
"1591455201","10","GET","GetHome",2.20,1.60,9,9,11,12,14,49,49,49,49,49,49,49,670,349,10,11,7,102,8325
"1591455201","10","GET","GetKnownIssues",4.30,3.20,9,10,11,12,25,53,100,100,100,100,100,100,1394,692,10,11,7,100,7793
"1591455201","10","","Aggregated",6.50,4.80,9,10,11,12,18,49,66,100,100,100,100,100,2064,1041,10,11,7,102,7965
"1591455203","10","GET","GetHome",2.00,1.30,9,10,11,12,14,49,49,49,49,49,49,49,672,350,10,11,7,102,8326
"1591455203","10","GET","GetKnownIssues",4.50,3.50,9,10,11,11,25,53,100,100,100,100,100,100,1403,698,10,11,7,100,7776
"1591455203","10","","Aggregated",6.50,4.80,9,10,11,11,18,49,66,100,100,100,100,100,2075,1048,10,11,7,102,7954
"1591455205","10","GET","GetHome",1.60,1.00,9,9,9,10,12,12,12,12,12,12,12,12,677,355,10,11,7,102,8266
"1591455205","10","GET","GetKnownIssues",4.70,3.70,9,9,11,11,12,18,100,100,100,100,100,100,1412,704,10,11,7,100,7760
"1591455205","10","","Aggregated",6.30,4.70,9,9,11,11,12,13,53,100,100,100,100,100,2089,1059,10,11,7,102,7924
"1591455207","10","GET","GetHome",1.70,1.20,9,9,10,11,12,12,12,12,12,12,12,12,679,356,10,11,7,102,8268
"1591455207","10","GET","GetKnownIssues",4.90,3.60,9,10,11,11,12,13,18,18,18,18,18,18,1423,712,10,11,7,100,7733
"1591455207","10","","Aggregated",6.60,4.80,9,10,11,11,12,12,13,18,18,18,18,18,2102,1068,10,11,7,102,7906
"1591455209","10","GET","GetHome",1.70,1.20,9,9,11,11,12,12,12,12,12,12,12,12,684,358,10,11,7,102,8283
"1591455209","10","GET","GetKnownIssues",4.60,3.50,9,10,10,11,11,13,18,18,18,18,18,18,1434,723,10,11,7,100,7675
"1591455209","10","","Aggregated",6.30,4.70,9,10,11,11,11,12,13,18,18,18,18,18,2118,1081,10,11,7,102,7872
"1591455211","10","GET","GetHome",1.60,1.20,9,11,11,11,12,19,19,19,19,19,19,19,688,359,10,11,7,102,8310
"1591455211","10","GET","GetKnownIssues",4.80,3.60,9,10,10,11,11,12,31,31,31,31,31,31,1440,729,10,11,7,100,7644
"1591455211","10","","Aggregated",6.40,4.80,9,10,11,11,11,12,19,31,31,31,31,31,2128,1088,10,11,7,102,7859
"1591455213","10","GET","GetHome",1.80,1.10,9,10,11,11,11,12,19,19,19,19,19,19,694,365,10,10,7,102,8240
"1591455213","10","GET","GetKnownIssues",4.70,3.70,9,10,10,11,12,12,31,31,31,31,31,31,1448,733,10,11,7,100,7645
"1591455213","10","","Aggregated",6.50,4.80,9,10,11,11,12,12,19,31,31,31,31,31,2142,1098,10,11,7,102,7838
"1591455215","10","GET","GetHome",2.10,1.40,9,10,11,11,11,12,19,19,19,19,19,19,699,369,10,10,7,102,8207
"1591455215","10","GET","GetKnownIssues",4.40,3.40,9,10,10,11,12,12,31,31,31,31,31,31,1456,739,10,11,7,100,7625
"1591455215","10","","Aggregated",6.50,4.80,9,10,11,11,12,12,19,31,31,31,31,31,2155,1108,10,11,7,102,7813
"1591455217","10","GET","GetHome",2.20,1.50,9,10,11,11,11,12,19,19,19,19,19,19,702,372,10,10,7,102,8172
"1591455217","10","GET","GetKnownIssues",4.30,3.30,9,10,10,10,12,12,31,31,31,31,31,31,1463,743,10,11,7,100,7620
"1591455217","10","","Aggregated",6.50,4.80,9,10,10,11,12,12,19,31,31,31,31,31,2165,1115,10,11,7,102,7799
"1591455219","10","GET","GetHome",2.30,1.60,9,9,10,11,12,19,19,19,19,19,19,19,704,374,10,10,7,102,8150
"1591455219","10","GET","GetKnownIssues",4.30,3.30,9,10,11,11,12,12,31,31,31,31,31,31,1474,750,10,11,7,100,7606
"1591455219","10","","Aggregated",6.60,4.90,9,10,11,11,12,12,19,31,31,31,31,31,2178,1124,10,11,7,102,7781
"1591455221","10","GET","GetHome",2.30,1.70,9,9,9,10,10,11,12,12,12,12,12,12,711,379,10,10,7,102,8119
"1591455221","10","GET","GetKnownIssues",4.30,3.20,9,10,11,11,11,12,12,12,12,12,12,12,1482,757,10,11,7,100,7576
"1591455221","10","","Aggregated",6.60,4.90,9,9,10,11,11,12,12,12,12,12,12,12,2193,1136,10,11,7,102,7752
"1591455223","10","GET","GetHome",2.00,1.80,9,9,9,10,11,12,12,12,12,12,12,12,713,381,10,10,7,102,8097
"1591455223","10","GET","GetKnownIssues",4.30,2.90,9,9,11,11,12,12,12,12,12,12,12,12,1493,765,10,11,7,100,7552
"1591455223","10","","Aggregated",6.30,4.70,9,9,10,11,11,12,12,12,12,12,12,12,2206,1146,10,11,7,102,7728
"1591455225","10","GET","GetHome",1.90,1.60,9,9,10,10,11,11,11,11,11,11,11,11,715,382,10,10,7,102,8099
"1591455225","10","GET","GetKnownIssues",4.30,2.90,9,9,10,11,12,12,12,12,12,12,12,12,1502,771,10,11,7,100,7538
"1591455225","10","","Aggregated",6.20,4.50,9,9,10,11,11,12,12,12,12,12,12,12,2217,1153,10,11,7,102,7719
"1591455227","10","GET","GetHome",1.70,1.30,9,10,11,11,12,22,22,22,22,22,22,22,722,386,10,10,7,102,8092
"1591455227","10","GET","GetKnownIssues",4.70,3.50,9,9,9,11,11,12,12,12,12,12,12,12,1510,779,10,11,7,100,7499
"1591455227","10","","Aggregated",6.40,4.80,9,9,10,11,11,12,12,22,22,22,22,22,2232,1165,10,10,7,102,7691
"1591455229","10","GET","GetHome",1.70,1.20,9,9,10,11,11,12,22,22,22,22,22,22,729,393,10,10,7,102,8017
"1591455229","10","GET","GetKnownIssues",4.50,3.30,9,9,10,11,12,12,13,13,13,13,13,13,1517,783,10,11,7,100,7495
"1591455229","10","","Aggregated",6.20,4.50,9,9,10,11,12,12,13,22,22,22,22,22,2246,1176,10,10,7,102,7664
"1591455231","10","GET","GetHome",2.00,1.40,9,10,10,11,11,12,22,22,22,22,22,22,732,395,10,10,7,102,8008
"1591455231","10","GET","GetKnownIssues",4.30,3.20,9,9,10,11,12,12,13,13,13,13,13,13,1526,790,10,11,7,100,7472
"1591455231","10","","Aggregated",6.30,4.60,9,9,10,11,12,12,13,22,22,22,22,22,2258,1185,10,10,7,102,7646
"1591455233","10","GET","GetHome",2.30,1.70,9,10,10,10,11,12,22,22,22,22,22,22,735,397,10,10,7,102,7999
"1591455233","10","GET","GetKnownIssues",4.50,3.40,9,10,10,11,11,12,16,16,16,16,16,16,1536,797,10,11,7,100,7454
"1591455233","10","","Aggregated",6.80,5.10,9,10,10,11,11,12,16,22,22,22,22,22,2271,1194,10,10,7,102,7630
"1591455235","10","GET","GetHome",2.20,1.70,9,9,10,10,11,12,22,22,22,22,22,22,740,402,10,10,7,102,7946
"1591455235","10","GET","GetKnownIssues",4.70,3.60,9,10,11,11,12,13,18,18,18,18,18,18,1545,803,10,11,7,100,7441
"1591455235","10","","Aggregated",6.90,5.30,9,10,10,11,12,13,18,22,22,22,22,22,2285,1205,10,10,7,102,7605
"1591455237","10","GET","GetHome",2.40,1.90,9,9,9,10,10,10,26,26,26,26,26,26,746,407,10,10,7,102,7907
"1591455237","10","GET","GetKnownIssues",4.10,2.90,9,10,11,11,13,14,18,18,18,18,18,18,1553,808,10,10,7,100,7433
"1591455237","10","","Aggregated",6.50,4.80,9,10,10,11,12,14,18,26,26,26,26,26,2299,1215,10,10,7,102,7587
"1591455239","10","GET","GetHome",2.60,2.20,9,9,9,9,10,10,26,26,26,26,26,26,751,412,10,10,7,102,7856
"1591455239","10","GET","GetKnownIssues",4.00,2.80,9,10,11,11,12,14,18,18,18,18,18,18,1561,813,10,10,7,100,7425
"1591455239","10","","Aggregated",6.60,5.00,9,9,10,11,12,14,18,26,26,26,26,26,2312,1225,10,10,7,102,7565
"1591455241","10","GET","GetHome",2.40,2.10,8,9,9,9,10,10,26,26,26,26,26,26,755,415,10,10,7,102,7837
"1591455241","10","GET","GetKnownIssues",4.30,2.90,9,10,11,11,13,14,18,18,18,18,18,18,1572,822,10,10,7,100,7393
"1591455241","10","","Aggregated",6.70,5.00,9,9,10,11,12,14,18,26,26,26,26,26,2327,1237,10,10,7,102,7537
"1591455243","10","GET","GetHome",2.50,2.10,8,9,9,9,10,11,26,26,26,26,26,26,759,418,10,10,7,102,7820
"1591455243","10","GET","GetKnownIssues",4.20,2.90,9,10,11,11,12,13,14,14,14,14,14,14,1580,828,10,10,7,100,7376
"1591455243","10","","Aggregated",6.70,5.00,9,9,10,10,12,13,14,26,26,26,26,26,2339,1246,10,10,7,102,7520
"1591455245","10","GET","GetHome",2.30,2.00,8,9,9,10,12,13,26,26,26,26,26,26,763,420,10,10,7,102,7824
"1591455245","10","GET","GetKnownIssues",4.40,3.00,9,9,11,11,12,14,18,18,18,18,18,18,1588,835,10,10,7,100,7349
"1591455245","10","","Aggregated",6.70,5.00,9,9,10,11,12,14,18,26,26,26,26,26,2351,1255,10,10,7,102,7503
"1591455247","10","GET","GetHome",2.40,2.00,8,9,10,11,12,13,13,13,13,13,13,13,766,422,10,10,7,102,7816
"1591455247","10","GET","GetKnownIssues",4.40,3.20,9,10,11,11,13,15,18,18,18,18,18,18,1598,842,10,10,7,100,7333
"1591455247","10","","Aggregated",6.80,5.20,9,9,11,11,12,14,16,18,18,18,18,18,2364,1264,10,10,7,102,7490
"1591455249","10","GET","GetHome",2.00,1.50,9,10,11,12,13,13,13,13,13,13,13,13,769,423,10,10,7,102,7831
"1591455249","10","GET","GetKnownIssues",4.80,3.60,9,9,11,11,13,15,18,18,18,18,18,18,1608,850,10,10,7,100,7307
"1591455249","10","","Aggregated",6.80,5.10,9,10,11,11,13,14,16,18,18,18,18,18,2377,1273,10,10,7,102,7477
"1591455251","10","GET","GetHome",2.00,1.40,9,10,12,12,13,13,13,13,13,13,13,13,773,426,10,10,7,102,7813
"1591455251","10","GET","GetKnownIssues",4.80,3.80,9,9,10,11,13,15,18,18,18,18,18,18,1619,859,10,10,7,100,7278
"1591455251","10","","Aggregated",6.80,5.20,9,9,11,11,13,13,16,18,18,18,18,18,2392,1285,10,10,7,102,7451
"1591455253","10","GET","GetHome",1.70,1.00,9,10,12,12,13,13,13,13,13,13,13,13,775,427,10,10,7,102,7815
"1591455253","10","GET","GetKnownIssues",4.70,3.80,9,9,10,11,13,15,18,18,18,18,18,18,1630,868,10,10,7,100,7248
"1591455253","10","","Aggregated",6.40,4.80,9,9,10,11,13,13,16,18,18,18,18,18,2405,1295,10,10,7,102,7431
"1591455255","10","GET","GetHome",1.80,1.10,9,10,10,12,13,13,13,13,13,13,13,13,777,429,10,10,7,102,7796
"1591455255","10","GET","GetKnownIssues",4.80,3.80,9,9,10,11,12,13,16,16,16,16,16,16,1638,873,10,10,7,100,7242
"1591455255","10","","Aggregated",6.60,4.90,9,9,10,11,12,13,15,16,16,16,16,16,2415,1302,10,10,7,102,7420
"1591455257","10","GET","GetHome",1.40,0.80,9,9,10,10,13,13,13,13,13,13,13,13,783,434,10,10,7,102,7759
"1591455257","10","GET","GetKnownIssues",5.00,3.90,9,9,10,10,11,12,13,13,13,13,13,13,1646,878,10,10,7,100,7235
"1591455257","10","","Aggregated",6.40,4.70,9,9,10,10,11,12,13,13,13,13,13,13,2429,1312,10,10,7,102,7404
"1591455259","10","GET","GetHome",1.70,1.20,9,9,10,10,11,13,13,13,13,13,13,13,789,439,10,10,7,102,7723
"1591455259","10","GET","GetKnownIssues",4.80,3.60,9,10,10,10,11,12,13,13,13,13,13,13,1654,884,10,10,7,100,7219
"1591455259","10","","Aggregated",6.50,4.80,9,9,10,10,11,12,13,13,13,13,13,13,2443,1323,10,10,7,102,7382
"1591455261","10","GET","GetHome",1.90,1.40,9,9,10,10,11,14,14,14,14,14,14,14,791,440,10,10,7,102,7726
"1591455261","10","GET","GetKnownIssues",4.50,3.30,9,10,10,11,12,12,13,13,13,13,13,13,1665,892,10,10,7,100,7200
"1591455261","10","","Aggregated",6.40,4.70,9,10,10,10,11,12,13,14,14,14,14,14,2456,1332,10,10,7,102,7369
"1591455263","10","GET","GetHome",1.80,1.50,9,9,10,10,11,14,14,14,14,14,14,14,794,442,10,10,7,102,7719
"1591455263","10","GET","GetKnownIssues",4.90,3.50,9,10,11,11,12,12,13,13,13,13,13,13,1673,898,10,10,7,100,7184
"1591455263","10","","Aggregated",6.70,5.00,9,10,10,11,12,12,13,14,14,14,14,14,2467,1340,10,10,7,102,7356
"1591455265","10","GET","GetHome",1.90,1.40,9,9,10,10,11,14,14,14,14,14,14,14,797,444,10,10,7,102,7712
"1591455265","10","GET","GetKnownIssues",4.50,3.30,9,10,11,11,12,13,14,14,14,14,14,14,1684,907,10,10,7,100,7157
"1591455265","10","","Aggregated",6.40,4.70,9,9,10,11,12,13,14,14,14,14,14,14,2481,1351,10,10,7,102,7335
"1591455267","10","GET","GetHome",2.10,1.60,9,9,10,10,11,14,14,14,14,14,14,14,798,445,10,10,7,102,7702
"1591455267","10","GET","GetKnownIssues",4.30,3.10,9,10,11,11,11,13,13,14,14,14,14,14,1697,917,10,10,7,100,7130
"1591455267","10","","Aggregated",6.40,4.70,9,10,10,11,11,13,14,14,14,14,14,14,2495,1362,10,10,7,102,7313
"1591455269","10","GET","GetHome",1.60,1.20,9,9,11,11,11,14,14,14,14,14,14,14,805,450,10,10,7,102,7679
"1591455269","10","GET","GetKnownIssues",4.70,3.50,9,10,10,11,12,13,14,14,14,14,14,14,1702,920,10,10,7,100,7127
"1591455269","10","","Aggregated",6.30,4.70,9,9,10,11,11,13,14,14,14,14,14,14,2507,1370,10,10,7,102,7305
"1591455271","10","GET","GetHome",1.70,1.20,9,9,10,10,11,11,11,11,11,11,11,11,809,453,9,10,7,102,7663
"1591455271","10","GET","GetKnownIssues",4.90,3.70,9,9,10,11,11,12,14,14,14,14,14,14,1713,929,10,10,7,100,7101
"1591455271","10","","Aggregated",6.60,4.90,9,9,10,10,11,12,13,14,14,14,14,14,2522,1382,10,10,7,102,7281
"1591455273","10","GET","GetHome",1.80,1.20,9,10,10,10,11,11,11,11,11,11,11,11,812,455,9,10,7,102,7656
"1591455273","10","GET","GetKnownIssues",4.50,3.40,9,9,10,11,12,13,20,20,20,20,20,20,1722,935,10,10,7,100,7091
"1591455273","10","","Aggregated",6.30,4.60,9,9,10,11,11,12,14,20,20,20,20,20,2534,1390,10,10,7,102,7272
"1591455275","10","GET","GetHome",1.70,1.30,9,9,10,10,11,11,11,11,11,11,11,11,820,461,9,10,7,102,7625
"1591455275","10","GET","GetKnownIssues",4.80,3.60,9,9,10,11,11,12,20,20,20,20,20,20,1729,941,10,10,7,100,7072
"1591455275","10","","Aggregated",6.50,4.90,9,9,10,10,11,12,12,20,20,20,20,20,2549,1402,10,10,7,102,7250
"1591455277","10","GET","GetHome",2.00,1.50,9,9,10,10,11,11,12,12,12,12,12,12,823,463,9,10,7,102,7619
"1591455277","10","GET","GetKnownIssues",4.80,3.60,9,9,10,10,12,12,20,20,20,20,20,20,1738,948,10,10,7,100,7053
"1591455277","10","","Aggregated",6.80,5.10,9,9,10,10,11,12,12,20,20,20,20,20,2561,1411,10,10,7,102,7235
"1591455279","10","GET","GetHome",2.30,1.60,9,10,10,11,11,12,12,12,12,12,12,12,825,463,9,10,7,102,7642
"1591455279","10","GET","GetKnownIssues",4.60,3.60,9,9,11,11,12,12,20,20,20,20,20,20,1748,956,10,10,7,100,7031
"1591455279","10","","Aggregated",6.90,5.20,9,10,11,11,12,12,13,20,20,20,20,20,2573,1419,10,10,7,102,7227
"1591455281","10","GET","GetHome",2.10,1.40,9,10,10,11,11,12,12,12,12,12,12,12,830,467,9,10,7,102,7617
"1591455281","10","GET","GetKnownIssues",4.40,3.50,9,9,11,11,12,12,20,20,20,20,20,20,1758,964,10,10,7,100,7010
"1591455281","10","","Aggregated",6.50,4.90,9,9,11,11,12,12,13,20,20,20,20,20,2588,1431,10,10,7,102,7205
"1591455283","10","GET","GetHome",1.70,1.10,9,9,11,11,11,12,12,12,12,12,12,12,834,470,9,10,7,102,7602
"1591455283","10","GET","GetKnownIssues",4.80,3.80,9,9,11,11,12,12,13,13,13,13,13,13,1767,971,10,10,7,100,6992
"1591455283","10","","Aggregated",6.50,4.90,9,9,11,11,12,12,12,13,13,13,13,13,2601,1441,10,10,7,102,7188
"1591455285","10","GET","GetHome",2.30,1.50,9,9,11,11,11,12,12,12,12,12,12,12,841,475,9,10,7,102,7581
"1591455285","10","GET","GetKnownIssues",4.30,3.40,9,9,11,11,12,12,17,17,17,17,17,17,1776,979,10,10,7,100,6966
"1591455285","10","","Aggregated",6.60,4.90,9,9,11,11,12,12,13,17,17,17,17,17,2617,1454,10,10,7,102,7164
"1591455287","10","GET","GetHome",1.90,1.20,9,9,11,11,12,13,13,13,13,13,13,13,843,476,9,10,7,102,7583
"1591455287","10","GET","GetKnownIssues",4.60,3.70,9,10,11,11,12,12,17,17,17,17,17,17,1785,985,10,10,7,100,6957
"1591455287","10","","Aggregated",6.50,4.90,9,10,11,11,12,12,13,17,17,17,17,17,2628,1461,10,10,7,102,7158
"1591455289","10","GET","GetHome",2.00,1.40,9,9,10,11,11,12,13,13,13,13,13,13,847,480,9,10,7,102,7549
"1591455289","10","GET","GetKnownIssues",4.60,3.50,9,10,11,11,12,12,17,17,17,17,17,17,1794,991,10,10,7,100,6949
"1591455289","10","","Aggregated",6.60,4.90,9,9,11,11,12,12,13,17,17,17,17,17,2641,1471,10,10,7,102,7141
"1591455291","10","GET","GetHome",2.10,1.60,9,9,11,11,12,13,13,13,13,13,13,13,849,481,9,10,7,102,7551
"1591455291","10","GET","GetKnownIssues",4.70,3.50,9,10,11,11,12,13,20,20,20,20,20,20,1805,999,10,10,7,100,6933
"1591455291","10","","Aggregated",6.80,5.10,9,10,11,11,12,13,17,20,20,20,20,20,2654,1480,10,10,7,102,7131
"1591455293","10","GET","GetHome",2.30,1.80,9,10,11,11,12,13,13,13,13,13,13,13,853,483,9,10,7,102,7557
"1591455293","10","GET","GetKnownIssues",4.50,3.30,9,10,11,11,12,17,26,26,26,26,26,26,1813,1006,10,10,7,100,6911
"1591455293","10","","Aggregated",6.80,5.10,9,10,11,11,12,13,20,26,26,26,26,26,2666,1489,10,10,7,102,7118
"1591455295","10","GET","GetHome",1.80,1.30,9,10,11,11,11,12,13,13,13,13,13,13,859,487,9,10,7,102,7545
"1591455295","10","GET","GetKnownIssues",4.70,3.60,9,10,11,11,12,13,26,26,26,26,26,26,1822,1014,10,10,7,100,6886
"1591455295","10","","Aggregated",6.50,4.90,9,10,11,11,12,13,20,26,26,26,26,26,2681,1501,10,10,7,102,7097
"1591455297","10","GET","GetHome",2.00,1.40,9,10,10,11,11,12,12,12,12,12,12,12,861,489,9,10,7,102,7528
"1591455297","10","GET","GetKnownIssues",4.70,3.60,9,10,11,11,13,14,26,26,26,26,26,26,1831,1019,10,10,7,100,6887
"1591455297","10","","Aggregated",6.70,5.00,9,10,11,11,12,13,20,26,26,26,26,26,2692,1508,10,10,7,102,7092
"1591455299","10","GET","GetHome",2.00,1.40,10,10,10,11,11,12,12,12,12,12,12,12,865,491,9,10,7,102,7533
"1591455299","10","GET","GetKnownIssues",4.60,3.60,9,9,10,10,12,14,26,26,26,26,26,26,1842,1030,10,10,7,100,6847
"1591455299","10","","Aggregated",6.60,5.00,9,9,10,10,12,13,20,26,26,26,26,26,2707,1521,10,10,7,102,7066
"1591455301","10","GET","GetHome",1.70,1.10,9,10,10,11,11,17,17,17,17,17,17,17,869,495,9,10,7,102,7499
"1591455301","10","GET","GetKnownIssues",4.60,3.60,9,9,10,10,12,13,26,26,26,26,26,26,1851,1035,10,10,7,100,6847
"1591455301","10","","Aggregated",6.30,4.70,9,9,10,10,12,13,17,26,26,26,26,26,2720,1530,10,10,7,102,7055
"1591455303","10","GET","GetHome",1.80,1.10,9,10,10,10,11,12,17,17,17,17,17,17,875,500,9,10,7,102,7469
"1591455303","10","GET","GetKnownIssues",4.90,3.90,9,9,10,11,12,13,16,16,16,16,16,16,1859,1040,10,10,7,100,6843
"1591455303","10","","Aggregated",6.70,5.00,9,9,10,11,12,13,16,17,17,17,17,17,2734,1540,10,10,7,102,7043
"1591455305","10","GET","GetHome",2.10,1.50,9,9,10,11,12,17,17,17,17,17,17,17,879,503,9,10,7,102,7455
"1591455305","10","GET","GetKnownIssues",4.50,3.40,9,9,11,11,12,14,16,16,16,16,16,16,1870,1049,10,10,7,100,6820
"1591455305","10","","Aggregated",6.60,4.90,9,9,10,11,12,14,16,17,17,17,17,17,2749,1552,10,10,7,102,7023
"1591455307","10","GET","GetHome",2.20,1.70,9,9,10,11,12,17,17,17,17,17,17,17,881,505,9,10,7,102,7438
"1591455307","10","GET","GetKnownIssues",4.40,3.30,9,9,10,11,12,12,16,16,16,16,16,16,1880,1056,10,10,7,100,6809
"1591455307","10","","Aggregated",6.60,5.00,9,9,10,11,12,12,16,17,17,17,17,17,2761,1561,10,10,7,102,7009
"1591455309","10","GET","GetHome",1.80,1.40,9,9,9,11,12,17,17,17,17,17,17,17,884,507,9,10,7,102,7433
"1591455309","10","GET","GetKnownIssues",4.70,3.40,9,10,11,11,12,15,17,17,17,17,17,17,1889,1063,10,10,7,100,6793
"1591455309","10","","Aggregated",6.50,4.80,9,10,11,11,12,15,17,17,17,17,17,17,2773,1570,9,10,7,102,6997
"1591455311","10","GET","GetHome",2.10,1.70,9,9,9,11,12,12,12,12,12,12,12,12,888,510,9,10,7,102,7419
"1591455311","10","GET","GetKnownIssues",5.00,3.70,9,10,11,12,12,15,17,17,17,17,17,17,1900,1071,10,10,7,100,6779
"1591455311","10","","Aggregated",7.10,5.40,9,10,11,11,12,14,16,17,17,17,17,17,2788,1581,9,10,7,102,6983
"1591455313","10","GET","GetHome",2.20,1.80,8,9,9,11,12,12,12,12,12,12,12,12,895,516,9,10,7,102,7382
"1591455313","10","GET","GetKnownIssues",4.50,3.30,9,10,11,11,12,14,17,17,17,17,17,17,1908,1077,10,10,7,100,6767
"1591455313","10","","Aggregated",6.70,5.10,9,9,10,11,12,12,15,17,17,17,17,17,2803,1593,9,10,7,102,6963
"1591455315","10","GET","GetHome",1.80,1.50,8,9,9,11,12,12,12,12,12,12,12,12,898,518,9,10,7,102,7377
"1591455315","10","GET","GetKnownIssues",5.20,3.80,9,10,11,11,12,14,17,17,17,17,17,17,1919,1085,10,10,7,100,6753
"1591455315","10","","Aggregated",7.00,5.30,9,10,11,11,12,12,14,17,17,17,17,17,2817,1603,9,10,7,102,6952
"1591455317","10","GET","GetHome",1.90,1.50,9,9,9,9,11,12,12,12,12,12,12,12,902,522,9,10,7,102,7345
"1591455317","10","GET","GetKnownIssues",4.90,3.60,9,10,11,11,12,14,17,17,17,17,17,17,1928,1091,10,10,7,100,6746
"1591455317","10","","Aggregated",6.80,5.10,9,9,10,11,12,12,14,17,17,17,17,17,2830,1613,9,10,7,102,6937
"1591455319","10","GET","GetHome",1.90,1.50,9,9,9,9,11,12,12,12,12,12,12,12,905,525,9,10,7,102,7321
"1591455319","10","GET","GetKnownIssues",4.80,3.60,9,10,11,11,12,14,14,14,14,14,14,14,1937,1097,10,10,7,100,6739
"1591455319","10","","Aggregated",6.70,5.10,9,10,10,11,12,12,14,14,14,14,14,14,2842,1622,9,10,7,102,6924
"1591455321","10","GET","GetHome",1.80,1.50,9,9,9,9,12,12,13,13,13,13,13,13,909,528,9,10,7,102,7309
"1591455321","10","GET","GetKnownIssues",4.70,3.30,9,10,10,11,11,12,14,14,14,14,14,14,1947,1104,10,10,7,100,6728
"1591455321","10","","Aggregated",6.50,4.80,9,9,10,11,12,12,14,14,14,14,14,14,2856,1632,9,10,7,102,6913
"1591455323","10","GET","GetHome",1.80,1.60,9,9,9,9,12,13,13,13,13,13,13,13,916,534,9,10,7,102,7273
"1591455323","10","GET","GetKnownIssues",5.00,3.50,9,10,11,11,12,14,15,15,15,15,15,15,1952,1107,10,10,7,100,6727
"1591455323","10","","Aggregated",6.80,5.10,9,10,11,11,12,13,14,15,15,15,15,15,2868,1641,9,10,7,102,6901
"1591455325","10","GET","GetHome",2.30,1.90,9,9,9,9,11,12,13,13,13,13,13,13,918,535,9,10,7,102,7276
"1591455325","10","GET","GetKnownIssues",4.20,3.00,9,10,11,11,12,12,15,15,15,15,15,15,1961,1114,10,10,7,100,6712
"1591455325","10","","Aggregated",6.50,4.90,9,9,10,11,12,12,14,15,15,15,15,15,2879,1649,9,10,7,102,6892
"1591455327","10","GET","GetHome",2.10,1.80,9,9,10,11,12,12,13,13,13,13,13,13,922,537,9,10,7,102,7282
"1591455327","10","GET","GetKnownIssues",4.50,3.10,9,10,11,11,12,12,15,15,15,15,15,15,1969,1120,10,10,7,100,6701
"1591455327","10","","Aggregated",6.60,4.90,9,10,11,11,12,12,14,15,15,15,15,15,2891,1657,9,10,7,102,6886
"1591455329","10","GET","GetHome",2.30,1.90,9,10,11,11,12,12,13,13,13,13,13,13,930,544,9,10,7,102,7239
"1591455329","10","GET","GetKnownIssues",4.40,3.10,9,10,11,11,12,15,15,15,15,15,15,15,1975,1124,10,10,7,100,6697
"1591455329","10","","Aggregated",6.70,5.00,9,10,11,11,12,12,15,15,15,15,15,15,2905,1668,9,10,7,102,6870
"1591455331","10","GET","GetHome",2.50,2.00,10,10,11,11,12,12,13,13,13,13,13,13,931,544,9,10,7,102,7250
"1591455331","10","GET","GetKnownIssues",4.00,2.90,9,10,11,11,12,12,15,15,15,15,15,15,1988,1135,10,10,7,100,6670
"1591455331","10","","Aggregated",6.50,4.90,9,10,11,11,12,12,15,15,15,15,15,15,2919,1679,9,10,7,102,6855
"1591455333","10","GET","GetHome",2.40,1.80,10,11,11,11,12,13,13,13,13,13,13,13,935,547,9,10,7,102,7238
"1591455333","10","GET","GetKnownIssues",3.70,2.60,9,10,11,11,12,13,23,23,23,23,23,23,1996,1141,9,10,7,100,6659
"1591455333","10","","Aggregated",6.10,4.40,9,10,11,11,12,13,15,23,23,23,23,23,2931,1688,9,10,7,102,6843
"1591455335","10","GET","GetHome",2.00,1.40,10,11,11,12,13,60,60,60,60,60,60,60,938,550,9,10,7,102,7215
"1591455335","10","GET","GetKnownIssues",4.60,3.50,9,10,11,11,12,15,23,23,23,23,23,23,2008,1149,9,10,7,100,6650
"1591455335","10","","Aggregated",6.60,4.90,9,10,11,11,12,15,23,60,60,60,60,60,2946,1699,9,10,7,102,6830
"1591455338","10","GET","GetHome",1.80,1.30,10,11,11,12,13,60,60,60,60,60,60,60,944,553,9,10,7,102,7225
"1591455338","10","GET","GetKnownIssues",4.70,3.60,9,9,10,11,12,15,23,23,23,23,23,23,2015,1156,9,10,7,100,6628
"1591455338","10","","Aggregated",6.50,4.90,9,10,11,11,13,15,23,60,60,60,60,60,2959,1709,9,10,7,102,6818
"1591455340","10","GET","GetHome",1.90,1.30,9,10,11,12,13,13,60,60,60,60,60,60,952,559,9,10,7,102,7201
"1591455340","10","GET","GetKnownIssues",4.40,3.30,9,9,10,11,12,15,23,23,23,23,23,23,2020,1160,9,10,7,100,6619
"1591455340","10","","Aggregated",6.30,4.60,9,10,10,11,12,13,23,60,60,60,60,60,2972,1719,9,10,7,102,6806
"1591455342","10","GET","GetHome",2.10,1.40,10,10,11,12,13,16,60,60,60,60,60,60,957,561,9,10,7,102,7218
"1591455342","10","GET","GetKnownIssues",4.60,3.60,9,9,11,11,15,50,69,69,69,69,69,69,2030,1169,9,10,7,100,6595
"1591455342","10","","Aggregated",6.70,5.00,9,10,11,12,15,50,60,69,69,69,69,69,2987,1730,9,10,7,102,6795
"1591455344","10","GET","GetHome",2.30,1.50,10,11,11,12,13,16,60,60,60,60,60,60,960,562,9,10,7,102,7231
"1591455344","10","GET","GetKnownIssues",4.60,3.80,9,9,10,12,12,50,69,69,69,69,69,69,2039,1177,9,10,7,100,6574
"1591455344","10","","Aggregated",6.90,5.30,9,10,11,12,13,50,60,69,69,69,69,69,2999,1739,9,10,7,102,6785
"1591455346","10","GET","GetHome",2.50,1.50,10,10,11,11,13,16,47,47,47,47,47,47,964,565,9,10,7,102,7220
"1591455346","10","GET","GetKnownIssues",4.30,3.60,9,10,10,11,12,50,69,69,69,69,69,69,2048,1183,9,10,7,100,6568
"1591455346","10","","Aggregated",6.80,5.10,9,10,10,11,12,16,50,69,69,69,69,69,3012,1748,9,10,7,102,6777
"1591455348","10","GET","GetHome",2.70,1.60,10,11,12,16,47,60,60,60,60,60,60,60,967,567,9,10,7,102,7216
"1591455348","10","GET","GetKnownIssues",3.80,3.20,9,9,10,11,14,52,69,69,69,69,69,69,2058,1191,9,10,7,100,6552
"1591455348","10","","Aggregated",6.50,4.80,9,10,11,12,47,52,60,69,69,69,69,69,3025,1758,9,10,7,102,6764
"1591455350","10","GET","GetHome",2.60,1.70,11,12,12,16,47,60,60,60,60,60,60,60,970,568,9,10,7,102,7229
"1591455350","10","GET","GetKnownIssues",4.30,3.60,9,9,10,11,14,49,52,52,52,52,52,52,2067,1199,9,10,7,100,6532
"1591455350","10","","Aggregated",6.90,5.30,9,10,11,12,16,49,52,60,60,60,60,60,3037,1767,9,10,7,102,6754
"1591455352","10","GET","GetHome",2.00,1.10,11,12,47,47,52,60,60,60,60,60,60,60,975,570,9,10,7,102,7245
"1591455352","10","GET","GetKnownIssues",4.50,3.70,9,9,10,11,14,49,60,60,60,60,60,60,2074,1206,9,10,7,100,6510
"1591455352","10","","Aggregated",6.50,4.80,9,10,11,12,47,52,60,60,60,60,60,60,3049,1776,9,10,7,102,6745
"1591455354","10","GET","GetHome",1.90,0.90,11,12,14,14,52,60,60,60,60,60,60,60,979,572,9,10,7,102,7251
"1591455354","10","GET","GetKnownIssues",4.30,3.60,9,9,10,10,13,49,60,60,60,60,60,60,2084,1214,9,10,7,100,6495
"1591455354","10","","Aggregated",6.20,4.50,9,10,11,12,47,52,60,60,60,60,60,60,3063,1786,9,10,7,102,6736
"1591455356","10","GET","GetHome",1.70,0.90,10,11,12,12,14,52,52,52,52,52,52,52,982,575,9,10,7,102,7229
"1591455356","10","GET","GetKnownIssues",4.70,3.90,9,9,9,11,13,49,60,60,60,60,60,60,2093,1220,9,10,7,100,6489
"1591455356","10","","Aggregated",6.40,4.80,9,10,11,11,13,49,52,60,60,60,60,60,3075,1795,9,10,7,102,6725
"1591455358","10","GET","GetHome",1.80,1.00,10,11,11,12,15,52,52,52,52,52,52,52,987,579,9,10,7,102,7211
"1591455358","10","GET","GetKnownIssues",4.50,3.60,9,9,9,11,12,13,60,60,60,60,60,60,2101,1226,9,10,7,100,6480
"1591455358","10","","Aggregated",6.30,4.60,9,9,11,11,13,15,52,60,60,60,60,60,3088,1805,9,10,7,102,6713
"1591455360","10","GET","GetHome",1.80,0.90,9,10,11,11,14,15,15,15,15,15,15,15,991,582,9,10,7,102,7200
"1591455360","10","GET","GetKnownIssues",4.40,3.60,9,9,10,11,11,13,13,13,13,13,13,13,2110,1232,9,10,7,100,6474
"1591455360","10","","Aggregated",6.20,4.50,9,9,10,11,12,13,14,15,15,15,15,15,3101,1814,9,10,7,102,6706
"1591455362","10","GET","GetHome",2.10,1.40,9,10,11,11,14,15,15,15,15,15,15,15,995,584,9,10,7,102,7206
"1591455362","10","GET","GetKnownIssues",4.20,3.30,9,9,10,11,12,13,25,25,25,25,25,25,2118,1239,9,10,7,100,6458
"1591455362","10","","Aggregated",6.30,4.70,9,10,10,11,12,14,15,25,25,25,25,25,3113,1823,9,10,7,102,6697
"1591455364","10","GET","GetHome",2.00,1.40,9,11,11,11,14,15,15,15,15,15,15,15,1000,588,9,10,7,102,7188
"1591455364","10","GET","GetKnownIssues",4.50,3.50,9,9,10,11,12,13,25,25,25,25,25,25,2127,1246,9,10,7,100,6445
"1591455364","10","","Aggregated",6.50,4.90,9,9,11,11,12,14,15,25,25,25,25,25,3127,1834,9,10,7,102,6683
"1591455366","10","GET","GetHome",2.10,1.60,9,11,11,13,14,15,15,15,15,15,15,15,1003,590,9,10,7,102,7184
"1591455366","10","GET","GetKnownIssues",4.30,3.20,9,9,11,11,12,13,25,25,25,25,25,25,2135,1251,9,10,7,100,6443
"1591455366","10","","Aggregated",6.40,4.80,9,10,11,11,13,14,15,25,25,25,25,25,3138,1841,9,10,7,102,6680
"1591455368","10","GET","GetHome",2.00,1.50,9,11,11,13,14,14,14,14,14,14,14,14,1006,592,9,10,7,102,7180
"1591455368","10","GET","GetKnownIssues",4.50,3.40,9,9,11,11,12,13,25,25,25,25,25,25,2149,1263,9,10,7,100,6416
"1591455368","10","","Aggregated",6.50,4.90,9,10,11,11,13,14,18,25,25,25,25,25,3155,1855,9,10,7,102,6660
"1591455370","10","GET","GetHome",2.00,1.50,9,11,12,13,14,14,14,14,14,14,14,14,1012,596,9,10,7,102,7172
"1591455370","10","GET","GetKnownIssues",4.40,3.30,9,9,11,11,12,13,18,18,18,18,18,18,2155,1268,9,10,7,100,6406
"1591455370","10","","Aggregated",6.40,4.80,9,9,11,12,13,14,14,18,18,18,18,18,3167,1864,9,10,7,102,6651
"1591455372","10","GET","GetHome",2.20,1.50,9,11,12,12,13,14,14,14,14,14,14,14,1017,598,9,10,7,102,7187
"1591455372","10","GET","GetKnownIssues",4.60,3.60,9,9,10,11,12,13,18,18,18,18,18,18,2164,1276,9,10,7,100,6387
"1591455372","10","","Aggregated",6.80,5.10,9,9,11,11,13,13,14,18,18,18,18,18,3181,1874,9,10,7,102,6643
"1591455374","10","GET","GetHome",2.40,1.60,9,10,11,11,12,13,13,13,13,13,13,13,1022,602,9,10,7,102,7170
"1591455374","10","GET","GetKnownIssues",4.20,3.30,9,9,10,11,12,13,18,18,18,18,18,18,2173,1283,9,10,7,100,6376
"1591455374","10","","Aggregated",6.60,4.90,9,9,11,11,12,13,14,18,18,18,18,18,3195,1885,9,10,7,102,6630
"1591455376","10","GET","GetHome",1.90,1.20,9,10,11,11,12,12,13,13,13,13,13,13,1027,606,9,10,7,102,7152
"1591455376","10","GET","GetKnownIssues",4.70,3.80,9,9,11,11,13,14,18,18,18,18,18,18,2182,1290,9,10,7,100,6364
"1591455376","10","","Aggregated",6.60,5.00,9,9,11,11,12,13,14,18,18,18,18,18,3209,1896,9,10,7,102,6616
"1591455378","10","GET","GetHome",2.50,1.60,9,10,11,11,12,12,12,12,12,12,12,12,1031,608,9,10,7,102,7158
"1591455378","10","GET","GetKnownIssues",4.40,3.60,9,9,10,11,12,13,14,14,14,14,14,14,2190,1296,9,10,7,100,6355
"1591455378","10","","Aggregated",6.90,5.20,9,10,10,11,12,13,13,14,14,14,14,14,3221,1904,9,10,7,102,6612
"1591455380","10","GET","GetHome",2.60,1.60,9,10,10,11,12,17,17,17,17,17,17,17,1035,611,9,10,7,102,7148
"1591455380","10","GET","GetKnownIssues",4.40,3.70,9,9,10,11,12,13,14,14,14,14,14,14,2201,1305,9,10,7,100,6338
"1591455380","10","","Aggregated",7.00,5.30,9,9,10,11,12,13,14,17,17,17,17,17,3236,1916,9,10,7,102,6597
"1591455382","10","GET","GetHome",2.20,1.40,9,10,11,11,11,12,17,17,17,17,17,17,1041,616,9,10,7,102,7124
"1591455382","10","GET","GetKnownIssues",4.40,3.60,9,10,10,11,12,13,14,14,14,14,14,14,2207,1309,9,10,7,100,6335
"1591455382","10","","Aggregated",6.60,5.00,9,10,10,11,11,12,14,17,17,17,17,17,3248,1925,9,10,7,102,6588
"1591455384","10","GET","GetHome",2.10,1.50,9,10,11,11,15,17,17,17,17,17,17,17,1044,618,9,10,7,102,7121
"1591455384","10","GET","GetKnownIssues",4.60,3.50,9,10,10,10,11,12,13,13,13,13,13,13,2217,1316,9,10,7,100,6328
"1591455384","10","","Aggregated",6.70,5.00,9,10,10,10,12,13,15,17,17,17,17,17,3261,1934,9,10,7,102,6582
"1591455386","10","GET","GetHome",2.50,1.90,9,10,11,11,14,15,17,17,17,17,17,17,1053,626,9,10,7,102,7077
"1591455386","10","GET","GetKnownIssues",4.50,3.40,9,10,10,10,12,12,12,12,12,12,12,12,2224,1321,9,10,7,100,6322
"1591455386","10","","Aggregated",7.00,5.30,9,10,10,11,12,12,15,17,17,17,17,17,3277,1947,9,10,7,102,6565
"1591455388","10","GET","GetHome",2.20,1.60,9,10,11,11,14,15,17,17,17,17,17,17,1057,628,9,10,7,102,7084
"1591455388","10","GET","GetKnownIssues",4.40,3.30,9,10,10,10,11,12,12,12,12,12,12,12,2232,1327,9,10,7,100,6314
"1591455388","10","","Aggregated",6.60,4.90,9,10,11,11,12,14,15,17,17,17,17,17,3289,1955,9,10,7,102,6561
"1591455390","10","GET","GetHome",2.30,1.90,9,10,11,11,12,14,15,15,15,15,15,15,1061,632,9,10,7,102,7058
"1591455390","10","GET","GetKnownIssues",4.20,2.90,9,10,10,10,11,12,12,12,12,12,12,12,2239,1331,9,10,7,100,6315
"1591455390","10","","Aggregated",6.50,4.80,9,10,10,11,12,12,14,15,15,15,15,15,3300,1963,9,10,7,102,6554
"1591455392","10","GET","GetHome",2.50,1.90,9,10,11,11,12,14,15,15,15,15,15,15,1066,635,9,10,7,102,7057
"1591455392","10","GET","GetKnownIssues",3.90,2.80,9,10,10,11,11,12,12,12,12,12,12,12,2247,1338,9,10,7,100,6300
"1591455392","10","","Aggregated",6.40,4.70,9,10,11,11,12,12,14,15,15,15,15,15,3313,1973,9,10,7,102,6543
"1591455394","10","GET","GetHome",2.60,2.00,9,9,11,11,11,12,14,14,14,14,14,14,1072,640,9,10,7,102,7035
"1591455394","10","GET","GetKnownIssues",4.00,2.90,9,10,11,11,11,12,12,12,12,12,12,12,2252,1341,9,10,7,100,6300
"1591455394","10","","Aggregated",6.60,4.90,9,9,11,11,11,12,12,14,14,14,14,14,3324,1981,9,10,7,102,6537
"1591455396","10","GET","GetHome",2.80,2.20,9,9,9,10,11,11,12,12,12,12,12,12,1079,646,9,10,7,102,7006
"1591455396","10","GET","GetKnownIssues",3.50,2.50,9,9,10,11,11,12,13,13,13,13,13,13,2261,1347,9,10,7,100,6295
"1591455396","10","","Aggregated",6.30,4.70,9,9,10,11,11,12,12,13,13,13,13,13,3340,1993,9,10,7,102,6525
"1591455398","10","GET","GetHome",2.50,1.90,9,9,9,9,11,11,12,12,12,12,12,12,1082,649,9,10,7,102,6987
"1591455398","10","GET","GetKnownIssues",3.80,2.80,9,10,11,11,13,14,16,16,16,16,16,16,2272,1355,9,10,7,100,6286
"1591455398","10","","Aggregated",6.30,4.70,9,9,10,11,12,13,14,16,16,16,16,16,3354,2004,9,10,7,102,6512
"1591455400","10","GET","GetHome",2.80,2.20,9,9,9,9,10,11,11,11,11,11,11,11,1085,652,9,10,7,102,6968
"1591455400","10","GET","GetKnownIssues",3.60,2.60,9,10,11,11,14,16,21,21,21,21,21,21,2280,1360,9,10,7,100,6284
"1591455400","10","","Aggregated",6.40,4.80,9,9,10,11,13,16,16,21,21,21,21,21,3365,2012,9,10,7,102,6505
"1591455402","10","GET","GetHome",2.40,2.00,9,9,9,10,12,13,13,13,13,13,13,13,1094,659,9,10,7,102,6944
"1591455402","10","GET","GetKnownIssues",4.10,2.90,9,11,11,12,14,16,21,21,21,21,21,21,2286,1364,9,10,7,100,6281
"1591455402","10","","Aggregated",6.50,4.90,9,9,11,11,13,14,16,21,21,21,21,21,3380,2023,9,10,7,102,6496
"1591455404","10","GET","GetHome",2.90,2.50,9,9,9,11,13,13,13,13,13,13,13,13,1098,662,9,10,7,102,6935
"1591455404","10","GET","GetKnownIssues",3.90,2.70,9,11,13,13,16,17,21,21,21,21,21,21,2293,1369,9,10,7,100,6276
"1591455404","10","","Aggregated",6.80,5.20,9,10,11,13,14,16,17,21,21,21,21,21,3391,2031,9,10,7,102,6489
"1591455406","10","GET","GetHome",2.60,2.20,9,10,11,12,13,13,17,17,17,17,17,17,1102,664,9,10,7,102,6941
"1591455406","10","GET","GetKnownIssues",4.10,2.80,9,10,11,13,16,17,21,21,21,21,21,21,2305,1379,9,10,7,100,6257
"1591455406","10","","Aggregated",6.70,5.00,9,10,11,13,14,17,18,21,21,21,21,21,3407,2043,9,10,7,102,6479
"1591455408","10","GET","GetHome",2.30,1.90,9,10,12,13,13,17,17,17,17,17,17,17,1108,669,9,10,7,102,6920
"1591455408","10","GET","GetKnownIssues",4.40,3.20,9,9,11,11,14,17,18,18,18,18,18,18,2312,1384,9,10,7,100,6252
"1591455408","10","","Aggregated",6.70,5.10,9,10,11,12,14,17,17,18,18,18,18,18,3420,2053,9,10,7,102,6468
"1591455410","10","GET","GetHome",2.40,1.80,9,10,11,11,13,17,17,17,17,17,17,17,1115,674,9,10,7,102,6908
"1591455410","10","GET","GetKnownIssues",4.30,3.20,9,9,10,11,14,17,18,18,18,18,18,18,2317,1388,9,10,7,100,6246
"1591455410","10","","Aggregated",6.70,5.00,9,10,11,11,14,17,17,18,18,18,18,18,3432,2062,9,10,7,102,6461
"1591455412","10","GET","GetHome",2.70,2.00,9,10,11,11,13,17,17,17,17,17,17,17,1118,676,9,10,7,102,6905
"1591455412","10","GET","GetKnownIssues",3.90,2.90,9,9,11,11,14,17,18,18,18,18,18,18,2327,1395,9,10,7,100,6239
"1591455412","10","","Aggregated",6.60,4.90,9,10,11,11,14,17,17,18,18,18,18,18,3445,2071,9,10,7,102,6455
"1591455414","10","GET","GetHome",2.40,1.70,9,10,10,11,13,17,17,17,17,17,17,17,1121,678,9,10,7,102,6902
"1591455414","10","GET","GetKnownIssues",4.30,3.30,9,9,10,11,12,16,18,18,18,18,18,18,2338,1404,9,10,7,100,6224
"1591455414","10","","Aggregated",6.70,5.00,9,9,10,11,13,17,17,18,18,18,18,18,3459,2082,9,10,7,102,6444
"1591455416","10","GET","GetHome",2.30,1.60,9,9,10,10,11,11,13,13,13,13,13,13,1126,682,9,10,7,102,6888
"1591455416","10","GET","GetKnownIssues",4.40,3.40,9,9,10,11,11,12,16,16,16,16,16,16,2345,1409,9,10,7,100,6218
"1591455416","10","","Aggregated",6.70,5.00,9,9,10,10,11,12,13,16,16,16,16,16,3471,2091,9,10,7,102,6436
"1591455418","10","GET","GetHome",2.50,1.80,9,10,10,11,11,13,13,13,13,13,13,13,1129,683,9,10,7,102,6900
"1591455418","10","GET","GetKnownIssues",3.90,2.90,9,9,10,10,11,12,13,13,13,13,13,13,2354,1416,9,10,7,100,6208
"1591455418","10","","Aggregated",6.40,4.70,9,9,10,10,11,12,13,13,13,13,13,13,3483,2099,9,10,7,102,6432
"1591455420","10","GET","GetHome",2.20,1.50,9,9,10,11,11,13,13,13,13,13,13,13,1131,685,9,10,7,102,6888
"1591455420","10","GET","GetKnownIssues",4.10,3.10,9,9,10,10,12,13,14,14,14,14,14,14,2365,1424,9,10,7,100,6199
"1591455420","10","","Aggregated",6.30,4.60,9,9,10,10,12,13,13,14,14,14,14,14,3496,2109,9,10,7,102,6422
"1591455422","10","GET","GetHome",1.60,1.10,9,9,10,10,11,12,12,12,12,12,12,12,1136,689,9,10,7,102,6874
"1591455422","10","GET","GetKnownIssues",4.70,3.50,9,9,10,10,12,13,14,14,14,14,14,14,2375,1431,9,10,7,100,6193
"1591455422","10","","Aggregated",6.30,4.60,9,9,10,10,12,13,13,14,14,14,14,14,3511,2120,9,10,7,102,6413
"1591455424","10","GET","GetHome",1.80,1.20,9,9,10,10,11,12,12,12,12,12,12,12,1138,690,9,10,7,102,6877
"1591455424","10","GET","GetKnownIssues",4.90,3.80,9,9,10,11,12,13,14,14,14,14,14,14,2385,1439,9,10,7,100,6181
"1591455424","10","","Aggregated",6.70,5.00,9,9,10,11,12,13,14,14,14,14,14,14,3523,2129,9,10,7,102,6406
"1591455426","10","GET","GetHome",1.70,1.20,8,9,9,10,11,12,12,12,12,12,12,12,1141,693,9,10,7,102,6859
"1591455426","10","GET","GetKnownIssues",4.70,3.60,9,10,11,11,12,14,14,14,14,14,14,14,2394,1445,9,10,7,100,6177
"1591455426","10","","Aggregated",6.40,4.80,9,9,11,11,12,14,14,14,14,14,14,14,3535,2138,9,10,7,102,6397
"1591455428","10","GET","GetHome",1.50,1.10,8,9,9,9,10,12,12,12,12,12,12,12,1144,696,9,10,7,102,6842
"1591455428","10","GET","GetKnownIssues",5.00,3.70,9,10,11,11,13,14,15,15,15,15,15,15,2407,1454,9,10,7,100,6170
"1591455428","10","","Aggregated",6.50,4.80,9,10,11,11,12,14,14,15,15,15,15,15,3551,2150,9,10,7,102,6386
"1591455430","10","GET","GetHome",1.50,1.30,8,9,9,10,11,16,16,16,16,16,16,16,1149,700,9,10,7,102,6828
"1591455430","10","GET","GetKnownIssues",5.20,3.80,9,10,11,11,12,14,15,15,15,15,15,15,2414,1459,9,10,7,100,6165
"1591455430","10","","Aggregated",6.70,5.10,9,10,11,11,12,14,15,16,16,16,16,16,3563,2159,9,10,7,102,6379
"1591455432","10","GET","GetHome",1.70,1.40,8,9,9,10,12,16,16,16,16,16,16,16,1154,704,9,10,7,102,6814
"1591455432","10","GET","GetKnownIssues",4.90,3.60,9,10,11,11,12,13,15,15,15,15,15,15,2421,1464,9,10,7,100,6160
"1591455432","10","","Aggregated",6.60,5.00,9,10,11,11,12,14,15,16,16,16,16,16,3575,2168,9,10,7,102,6371
"1591455434","10","GET","GetHome",1.80,1.50,9,9,11,11,12,13,16,16,16,16,16,16,1160,707,9,10,7,102,6823
"1591455434","10","GET","GetKnownIssues",4.80,3.50,9,10,11,11,12,14,15,15,15,15,15,15,2426,1469,9,10,7,100,6148
"1591455434","10","","Aggregated",6.60,5.00,9,10,11,11,12,14,15,16,16,16,16,16,3586,2176,9,10,7,102,6366
"1591455436","10","GET","GetHome",2.20,1.70,9,11,11,11,12,13,16,16,16,16,16,16,1167,712,9,10,7,102,6813
"1591455436","10","GET","GetKnownIssues",4.10,3.00,9,10,11,11,13,14,15,15,15,15,15,15,2434,1475,9,10,7,100,6141
"1591455436","10","","Aggregated",6.30,4.70,9,10,11,11,13,14,15,16,16,16,16,16,3601,2187,9,10,7,102,6359
"1591455438","10","GET","GetHome",2.60,1.90,9,11,11,12,12,13,16,16,16,16,16,16,1170,714,9,10,7,102,6810
"1591455438","10","GET","GetKnownIssues",3.80,2.80,8,9,10,10,11,13,14,14,14,14,14,14,2444,1483,9,10,7,100,6129
"1591455438","10","","Aggregated",6.40,4.70,9,9,11,11,12,13,14,16,16,16,16,16,3614,2197,9,10,7,102,6349
"1591455440","10","GET","GetHome",2.60,1.80,9,11,11,11,12,12,13,13,13,13,13,13,1178,720,9,10,7,102,6794
"1591455440","10","GET","GetKnownIssues",3.80,2.90,8,9,10,11,12,13,14,14,14,14,14,14,2450,1487,9,10,7,100,6127
"1591455440","10","","Aggregated",6.40,4.70,9,10,11,11,12,13,13,14,14,14,14,14,3628,2207,9,10,7,102,6343
"1591455442","10","GET","GetHome",2.90,2.00,9,11,11,11,12,12,13,13,13,13,13,13,1180,722,9,10,7,102,6783
"1591455442","10","GET","GetKnownIssues",3.60,2.80,8,10,11,11,13,13,14,14,14,14,14,14,2461,1495,9,10,7,100,6119
"1591455442","10","","Aggregated",6.50,4.80,9,10,11,11,12,13,13,14,14,14,14,14,3641,2217,9,10,7,102,6334
"1591455444","10","GET","GetHome",2.70,1.90,8,9,11,11,11,12,13,13,13,13,13,13,1187,727,9,10,7,102,6773
"1591455444","10","GET","GetKnownIssues",4.00,3.20,9,10,11,11,12,13,13,13,13,13,13,13,2467,1500,9,10,7,100,6110
"1591455444","10","","Aggregated",6.70,5.10,8,9,11,11,12,13,13,13,13,13,13,13,3654,2227,9,10,7,102,6326
"1591455446","10","GET","GetHome",2.60,1.90,8,9,11,11,11,12,13,13,13,13,13,13,1192,731,9,10,7,102,6759
"1591455446","10","GET","GetKnownIssues",4.00,3.00,9,10,11,11,13,13,14,14,14,14,14,14,2476,1506,9,10,7,100,6107
"1591455446","10","","Aggregated",6.60,4.90,9,9,11,11,12,13,13,14,14,14,14,14,3668,2237,9,10,7,102,6319
"1591455448","10","GET","GetHome",2.50,1.90,9,9,10,11,11,12,13,13,13,13,13,13,1196,734,9,10,7,102,6752
"1591455448","10","GET","GetKnownIssues",4.20,3.20,9,11,11,11,12,13,14,14,14,14,14,14,2483,1511,9,10,7,100,6103
"1591455448","10","","Aggregated",6.70,5.10,9,10,11,11,12,13,13,14,14,14,14,14,3679,2245,9,10,7,102,6314
"1591455450","10","GET","GetHome",2.60,2.00,9,9,9,10,11,12,13,13,13,13,13,13,1198,736,9,10,7,102,6741
"1591455450","10","GET","GetKnownIssues",4.00,2.90,9,11,11,11,12,13,33,33,33,33,33,33,2492,1517,9,10,7,100,6099
"1591455450","10","","Aggregated",6.60,4.90,9,10,11,11,12,13,14,33,33,33,33,33,3690,2253,9,10,7,102,6308
"1591455452","10","GET","GetHome",2.00,1.60,9,9,10,11,11,12,13,13,13,13,13,13,1202,739,9,10,7,102,6733
"1591455452","10","GET","GetKnownIssues",4.30,3.00,9,9,11,11,11,14,33,33,33,33,33,33,2504,1527,9,10,7,100,6083
"1591455452","10","","Aggregated",6.30,4.60,9,9,11,11,11,13,14,33,33,33,33,33,3706,2266,9,10,7,102,6294
"1591455454","10","GET","GetHome",1.90,1.40,9,9,11,11,12,12,12,12,12,12,12,12,1206,741,9,10,7,102,6739
"1591455454","10","GET","GetKnownIssues",4.70,3.40,9,9,11,11,11,13,33,33,33,33,33,33,2512,1534,9,10,7,100,6071
"1591455454","10","","Aggregated",6.60,4.80,9,9,11,11,11,13,14,33,33,33,33,33,3718,2275,9,10,7,102,6287
"1591455456","10","GET","GetHome",2.00,1.50,9,9,10,10,11,12,12,12,12,12,12,12,1210,745,9,10,7,102,6718
"1591455456","10","GET","GetKnownIssues",4.60,3.50,9,9,11,11,11,12,73,73,73,73,73,73,2521,1539,9,10,7,100,6073
"1591455456","10","","Aggregated",6.60,5.00,9,9,11,11,11,12,33,73,73,73,73,73,3731,2284,9,10,7,102,6282
"1591455458","10","GET","GetHome",2.00,1.50,9,9,10,10,11,12,12,12,12,12,12,12,1212,747,9,10,7,102,6707
"1591455458","10","GET","GetKnownIssues",4.40,3.20,9,9,11,11,11,12,73,73,73,73,73,73,2531,1546,9,10,7,100,6068
"1591455458","10","","Aggregated",6.40,4.70,9,9,11,11,11,12,33,73,73,73,73,73,3743,2293,9,10,7,102,6275
"1591455460","10","GET","GetHome",1.60,1.30,9,9,10,10,11,12,12,12,12,12,12,12,1218,751,9,10,7,102,6703
"1591455460","10","GET","GetKnownIssues",4.70,3.40,9,9,9,11,11,12,73,73,73,73,73,73,2543,1556,9,10,7,100,6052
"1591455460","10","","Aggregated",6.30,4.70,9,9,10,10,11,12,12,73,73,73,73,73,3761,2307,9,10,7,102,6263
"1591455462","10","GET","GetHome",2.00,1.50,9,9,10,10,10,21,21,21,21,21,21,21,1222,755,9,10,7,102,6682
"1591455462","10","GET","GetKnownIssues",4.90,3.70,9,9,11,11,11,12,73,73,73,73,73,73,2549,1559,9,10,7,100,6056
"1591455462","10","","Aggregated",6.90,5.20,9,9,10,10,11,12,21,73,73,73,73,73,3771,2314,9,10,7,102,6259
"1591455464","10","GET","GetHome",1.90,1.50,9,9,10,10,10,21,21,21,21,21,21,21,1225,758,9,10,7,102,6666
"1591455464","10","GET","GetKnownIssues",4.70,3.50,9,9,10,11,11,12,73,73,73,73,73,73,2556,1563,9,10,7,100,6058
"1591455464","10","","Aggregated",6.60,5.00,9,9,10,10,11,12,21,73,73,73,73,73,3781,2321,9,10,7,102,6255
"1591455466","10","GET","GetHome",1.90,1.70,8,9,9,10,10,21,21,21,21,21,21,21,1229,762,9,10,7,102,6645
"1591455466","10","GET","GetKnownIssues",4.70,3.30,9,9,10,11,11,12,13,13,13,13,13,13,2564,1567,9,10,7,100,6063
"1591455466","10","","Aggregated",6.60,5.00,9,9,10,10,11,12,13,21,21,21,21,21,3793,2329,9,10,7,102,6252
"1591455468","10","GET","GetHome",1.90,1.70,8,8,9,10,11,21,21,21,21,21,21,21,1234,766,9,10,7,102,6632
"1591455468","10","GET","GetKnownIssues",4.40,2.90,9,10,10,10,11,13,40,40,40,40,40,40,2575,1576,9,10,7,100,6050
"1591455468","10","","Aggregated",6.30,4.60,8,9,10,10,11,13,21,40,40,40,40,40,3809,2342,9,10,7,102,6239
"1591455470","10","GET","GetHome",2.20,1.90,8,8,9,9,12,21,21,21,21,21,21,21,1237,768,9,10,7,102,6630
"1591455470","10","GET","GetKnownIssues",4.20,2.80,9,10,10,11,11,13,40,40,40,40,40,40,2582,1581,9,10,7,100,6046
"1591455470","10","","Aggregated",6.40,4.70,8,9,10,10,11,13,21,40,40,40,40,40,3819,2349,9,10,7,102,6235
"1591455472","10","GET","GetHome",2.00,1.80,8,8,8,9,12,25,25,25,25,25,25,25,1241,772,9,10,7,102,6610
"1591455472","10","GET","GetKnownIssues",4.10,2.70,9,10,11,11,13,16,40,40,40,40,40,40,2592,1587,9,10,7,100,6046
"1591455472","10","","Aggregated",6.10,4.50,9,10,10,11,12,16,25,40,40,40,40,40,3833,2359,9,10,7,102,6229
"1591455474","10","GET","GetHome",1.90,1.70,8,8,11,11,12,25,25,25,25,25,25,25,1247,777,9,10,7,102,6593
"1591455474","10","GET","GetKnownIssues",4.30,2.90,9,10,11,11,12,16,40,40,40,40,40,40,2600,1593,9,10,7,100,6040
"1591455474","10","","Aggregated",6.20,4.60,9,10,11,11,12,16,25,40,40,40,40,40,3847,2370,9,10,7,102,6219
"1591455476","10","GET","GetHome",2.00,1.80,8,9,11,12,12,13,25,25,25,25,25,25,1250,778,9,10,7,102,6604
"1591455476","10","GET","GetKnownIssues",4.40,2.90,9,10,11,11,12,16,40,40,40,40,40,40,2609,1601,9,10,7,100,6026
"1591455476","10","","Aggregated",6.40,4.70,9,10,11,12,13,18,25,40,40,40,40,40,3859,2379,9,10,7,102,6213
"1591455478","10","GET","GetHome",2.10,1.60,9,12,12,12,14,25,25,25,25,25,25,25,1253,779,9,10,7,102,6616
"1591455478","10","GET","GetKnownIssues",4.50,3.40,10,11,11,12,13,16,18,18,18,18,18,18,2619,1609,9,10,7,100,6015
"1591455478","10","","Aggregated",6.60,5.00,10,11,12,12,14,16,18,25,25,25,25,25,3872,2388,9,10,7,102,6209
"1591455480","10","GET","GetHome",1.80,1.30,10,12,12,12,14,25,25,25,25,25,25,25,1258,782,9,10,7,102,6618
"1591455480","10","GET","GetKnownIssues",4.60,3.50,9,10,11,12,16,16,18,18,18,18,18,18,2628,1617,9,10,7,100,6001
"1591455480","10","","Aggregated",6.40,4.80,9,11,12,12,14,16,18,25,25,25,25,25,3886,2399,9,10,7,102,6200
"1591455482","10","GET","GetHome",2.00,1.30,11,11,12,12,13,14,14,14,14,14,14,14,1261,784,9,10,7,102,6616
"1591455482","10","GET","GetKnownIssues",4.50,3.50,9,10,11,11,12,14,16,16,16,16,16,16,2640,1626,9,10,7,100,5992
"1591455482","10","","Aggregated",6.50,4.80,9,11,11,12,12,14,15,16,16,16,16,16,3901,2410,9,10,7,102,6193
"1591455484","10","GET","GetHome",1.90,1.20,9,11,11,12,12,14,14,14,14,14,14,14,1265,788,9,10,7,102,6595
"1591455484","10","GET","GetKnownIssues",4.60,3.70,9,10,11,12,13,14,16,16,16,16,16,16,2646,1629,9,10,7,100,5995
"1591455484","10","","Aggregated",6.50,4.90,9,11,11,12,13,14,15,16,16,16,16,16,3911,2417,9,10,7,102,6190
"1591455486","10","GET","GetHome",2.00,1.30,10,11,11,11,12,14,21,21,21,21,21,21,1271,791,9,10,7,102,6605
"1591455486","10","GET","GetKnownIssues",4.60,3.60,9,10,11,12,13,14,15,15,15,15,15,15,2653,1636,9,10,7,100,5980
"1591455486","10","","Aggregated",6.60,4.90,9,10,11,11,13,14,15,21,21,21,21,21,3924,2427,9,10,7,102,6183
"1591455486","0","GET","GetHome",2.00,1.30,10,11,11,11,12,14,21,21,21,21,21,21,1272,792,9,10,7,102,6600
"1591455486","0","GET","GetKnownIssues",4.60,3.60,9,10,11,11,12,14,15,15,15,15,15,15,2657,1639,9,10,7,100,5977
"1591455486","0","","Aggregated",6.60,4.90,9,10,11,11,12,14,15,21,21,21,21,21,3929,2431,9,10,7,102,6179
